"DESCRIPTION","DURATION IN MS","NAME","PARENT SUITE","START TIME","STATUS","STOP TIME","SUB SUITE","SUITE","TEST CLASS","TEST METHOD"
"Test cases for TestSupportsETACMiddleware","1","TestSupportsETACMiddleware","","Thu Jun 04 03:29:32 UTC 2026","passed","Thu Jun 04 03:29:32 UTC 2026","","Go Test","github.com/specterops/bloodhound/cmd/api/src/api/middleware/TestSupportsETACMiddleware","TestSupportsETACMiddleware"
"Test cases for TestResources_GetSearchResult_ETAC","49","TestResources_GetSearchResult_ETAC","","Thu Jun 04 03:29:39 UTC 2026","passed","Thu Jun 04 03:29:39 UTC 2026","","Go Test","github.com/specterops/bloodhound/cmd/api/src/api/v2/TestResources_GetSearchResult_ETAC","TestResources_GetSearchResult_ETAC"
"Test cases for TestSeekToKey","0","TestSeekToKey","","Thu Jun 04 03:29:46 UTC 2026","passed","Thu Jun 04 03:29:46 UTC 2026","","Go Test","github.com/specterops/bloodhound/cmd/api/src/services/graphify/TestSeekToKey","TestSeekToKey"
"","613","opens nested sections and updates URL params correctly","EntityInfoDataTable","Thu Jun 04 03:32:32 UTC 2026","passed","Thu Jun 04 03:32:32 UTC 2026","","Node count for nested table that counts all sections","",""
"Test cases for TestRewriter_Enter_CombinedADAndAzureShortcut_PreservesOrder","0","TestRewriter_Enter_CombinedADAndAzureShortcut_PreservesOrder","","Thu Jun 04 03:29:44 UTC 2026","passed","Thu Jun 04 03:29:44 UTC 2026","","Go Test","github.com/specterops/bloodhound/cmd/api/src/queries/TestRewriter_Enter_CombinedADAndAzureShortcut_PreservesOrder","TestRewriter_Enter_CombinedADAndAzureShortcut_PreservesOrder"
"Test cases for TestResources_ListADEntityConstrainedDelegationRights","3","TestResources_ListADEntityConstrainedDelegationRights","","Thu Jun 04 03:29:38 UTC 2026","passed","Thu Jun 04 03:29:38 UTC 2026","","Go Test","github.com/specterops/bloodhound/cmd/api/src/api/v2/TestResources_ListADEntityConstrainedDelegationRights","TestResources_ListADEntityConstrainedDelegationRights"
"","4528","collapse all button collapses all sections","Pathfinding","Thu Jun 04 03:31:54 UTC 2026","passed","Thu Jun 04 03:31:58 UTC 2026","","","",""
"Test cases for TestBoolScan","0","TestBoolScan","","Thu Jun 04 03:29:42 UTC 2026","passed","Thu Jun 04 03:29:42 UTC 2026","","Go Test","github.com/specterops/bloodhound/cmd/api/src/database/types/null/TestBoolScan","TestBoolScan"
"","268","renders the Object Tab content when Object tab is chosen","Selected Details Tab Content","Thu Jun 04 03:35:21 UTC 2026","passed","Thu Jun 04 03:35:21 UTC 2026","","","",""
"","115","returns Tag Object counts when there is a Tag selected but no Rule selected (ruleId is undefined from path params)","useObjectCounts","Thu Jun 04 03:35:43 UTC 2026","passed","Thu Jun 04 03:35:43 UTC 2026","","","",""
"Test cases for TestDisenrollMFA_Admin_SuccessNoPasswordSSO","714","TestDisenrollMFA_Admin_SuccessNoPasswordSSO","","Thu Jun 04 03:30:10 UTC 2026","passed","Thu Jun 04 03:30:10 UTC 2026","","Go Test","github.com/specterops/bloodhound/cmd/api/src/api/v2/auth/TestDisenrollMFA_Admin_SuccessNoPasswordSSO","TestDisenrollMFA_Admin_SuccessNoPasswordSSO"
"Test cases for TestAddOrderByToNeo4jQuery_NoOrderByClause","0","TestAddOrderByToNeo4jQuery_NoOrderByClause","","Thu Jun 04 03:29:39 UTC 2026","passed","Thu Jun 04 03:29:39 UTC 2026","","Go Test","github.com/specterops/bloodhound/cmd/api/src/api/v2/TestAddOrderByToNeo4jQuery_NoOrderByClause","TestAddOrderByToNeo4jQuery_NoOrderByClause"
"","89","sets autoDisplayTable to false if enabled param is false","useExploreTableAutoDisplay","Thu Jun 04 03:35:02 UTC 2026","passed","Thu Jun 04 03:35:02 UTC 2026","","","",""
"","19","does not call onSort when disable=true","ColumnHeaders","Thu Jun 04 03:33:54 UTC 2026","passed","Thu Jun 04 03:33:54 UTC 2026","","SortableHeader","",""
"Test cases for TestManagementResource_UpdateUser_ETAC","1721","TestManagementResource_UpdateUser_ETAC","","Thu Jun 04 03:30:03 UTC 2026","passed","Thu Jun 04 03:30:05 UTC 2026","","Go Test","github.com/specterops/bloodhound/cmd/api/src/api/v2/auth/TestManagementResource_UpdateUser_ETAC","TestManagementResource_UpdateUser_ETAC"
"","293","AZRole information panel will not display a section for PIM Assignments","EntityInfoContent","Thu Jun 04 03:33:49 UTC 2026","passed","Thu Jun 04 03:33:49 UTC 2026","","","",""
"","70","renders Tier Zero text by default when no Zone Selector is available and on a Zone page","TagSelector","Thu Jun 04 03:34:20 UTC 2026","passed","Thu Jun 04 03:34:20 UTC 2026","","","",""
"","278","should render","SSOProviderTable","Thu Jun 04 03:34:43 UTC 2026","passed","Thu Jun 04 03:34:43 UTC 2026","","","",""
"","19","selector members refetches on envrionment change","the useAssetGroupTags utilities","Thu Jun 04 03:32:42 UTC 2026","passed","Thu Jun 04 03:32:42 UTC 2026","","","",""
"","144","renders Label as first tab and is also the initially selected on first render in Labels View/Tab","Selected Details Tabs","Thu Jun 04 03:33:24 UTC 2026","passed","Thu Jun 04 03:33:24 UTC 2026","","Selected Details Tabs - Params present","",""
"","9","safely handles removing nonexistent key","useObjectState","Thu Jun 04 03:35:25 UTC 2026","passed","Thu Jun 04 03:35:25 UTC 2026","","","",""
"","261","calls the onReset prop when the crop button is clicked","GraphControls","Thu Jun 04 03:30:58 UTC 2026","passed","Thu Jun 04 03:30:58 UTC 2026","","Resetting graph","",""
"","0","does not abbreviate numbers < 1000","numberFormatting","Thu Jun 04 03:33:58 UTC 2026","passed","Thu Jun 04 03:33:58 UTC 2026","","","",""
"","960","disables the confirm button until user types required text","Tag Form","Thu Jun 04 03:30:44 UTC 2026","passed","Thu Jun 04 03:30:45 UTC 2026","","","",""
"","274","dispatches an action to the delete the associated node","Rule Object Select","Thu Jun 04 03:34:47 UTC 2026","passed","Thu Jun 04 03:34:47 UTC 2026","","","",""
"","82","should display the ETAC role-based filtering badge when filtering is enabled","Zone Management","Thu Jun 04 03:34:58 UTC 2026","passed","Thu Jun 04 03:34:58 UTC 2026","","","",""
"Test cases for TestWriteResultJson","0","TestWriteResultJson","","Thu Jun 04 03:29:50 UTC 2026","passed","Thu Jun 04 03:29:50 UTC 2026","","Go Test","github.com/specterops/bloodhound/cmd/api/src/utils/TestWriteResultJson","TestWriteResultJson"
"","382","renders headers","CommonSearches","Thu Jun 04 03:32:48 UTC 2026","passed","Thu Jun 04 03:32:48 UTC 2026","","","",""
"Test cases for TestResources_ExportSavedQuery","28","TestResources_ExportSavedQuery","","Thu Jun 04 03:29:39 UTC 2026","passed","Thu Jun 04 03:29:39 UTC 2026","","Go Test","github.com/specterops/bloodhound/cmd/api/src/api/v2/TestResources_ExportSavedQuery","TestResources_ExportSavedQuery"
"Test cases for TestMaybeSubmitNodeUpdate","0","TestMaybeSubmitNodeUpdate","","Thu Jun 04 03:29:46 UTC 2026","passed","Thu Jun 04 03:29:46 UTC 2026","","Go Test","github.com/specterops/bloodhound/cmd/api/src/services/graphify/TestMaybeSubmitNodeUpdate","TestMaybeSubmitNodeUpdate"
"","6","re-announces the same message by incrementing the span key","AnnouncementProvider","Thu Jun 04 03:34:21 UTC 2026","passed","Thu Jun 04 03:34:21 UTC 2026","","","",""
"","502","calls delete mutation when confirm button is clicked with correct input","ActiveExtensionsCard","Thu Jun 04 03:31:15 UTC 2026","passed","Thu Jun 04 03:31:15 UTC 2026","","","",""
"Test cases for TestConvertAzureManagementGroupContributorToRels","0","TestConvertAzureManagementGroupContributorToRels","","Thu Jun 04 03:29:56 UTC 2026","passed","Thu Jun 04 03:29:56 UTC 2026","","Go Test","github.com/specterops/bloodhound/packages/go/ein/TestConvertAzureManagementGroupContributorToRels","TestConvertAzureManagementGroupContributorToRels"
"","527","handles a selection as expected","DropdownSelector","Thu Jun 04 03:34:50 UTC 2026","passed","Thu Jun 04 03:34:50 UTC 2026","","","",""
"Test cases for TestTenantRoles","0","TestTenantRoles","","Thu Jun 04 03:29:55 UTC 2026","passed","Thu Jun 04 03:29:55 UTC 2026","","Go Test","github.com/specterops/bloodhound/packages/go/analysis/azure/TestTenantRoles","TestTenantRoles"
"","546","should not call onSubmit when expired password is not supplied when reset password button clicked","PasswordResetForm","Thu Jun 04 03:33:41 UTC 2026","passed","Thu Jun 04 03:33:41 UTC 2026","","","",""
"","13","should render a Field when the provided value is 0","Field","Thu Jun 04 03:35:36 UTC 2026","passed","Thu Jun 04 03:35:36 UTC 2026","","","",""
"","60","initializes with the given state","useObjectState","Thu Jun 04 03:35:24 UTC 2026","passed","Thu Jun 04 03:35:25 UTC 2026","","","",""
"Test cases for TestResources_ListADDomainContainedGroups","6","TestResources_ListADDomainContainedGroups","","Thu Jun 04 03:29:38 UTC 2026","passed","Thu Jun 04 03:29:38 UTC 2026","","Go Test","github.com/specterops/bloodhound/cmd/api/src/api/v2/TestResources_ListADDomainContainedGroups","TestResources_ListADDomainContainedGroups"
"","125","renders details for a selected zone","DynamicDetails","Thu Jun 04 03:33:16 UTC 2026","passed","Thu Jun 04 03:33:16 UTC 2026","","","",""
"","0","maps cypher 504 errors to timeout messaging","useExploreGraph","Thu Jun 04 03:32:07 UTC 2026","passed","Thu Jun 04 03:32:07 UTC 2026","","exploreGraphQueryFactory","",""
"","53","applies accent styling to headers when accent is true","<DetailsAccordion />","Thu Jun 04 03:32:44 UTC 2026","passed","Thu Jun 04 03:32:44 UTC 2026","","","",""
"Test cases for TestSortJSONArrays","0","TestSortJSONArrays","","Thu Jun 04 03:29:51 UTC 2026","passed","Thu Jun 04 03:29:51 UTC 2026","","Go Test","github.com/specterops/bloodhound/cmd/api/src/utils/test/TestSortJSONArrays","TestSortJSONArrays"
"Test cases for TestResources_ListADGPOAffectedTierZero","8","TestResources_ListADGPOAffectedTierZero","","Thu Jun 04 03:29:38 UTC 2026","passed","Thu Jun 04 03:29:38 UTC 2026","","Go Test","github.com/specterops/bloodhound/cmd/api/src/api/v2/TestResources_ListADGPOAffectedTierZero","TestResources_ListADGPOAffectedTierZero"
"","188","a name value is required to submit the form","Tag Form","Thu Jun 04 03:30:42 UTC 2026","passed","Thu Jun 04 03:30:42 UTC 2026","","","",""
"","37","calls getKey for each item (stable keys hook)","<DetailsAccordion />","Thu Jun 04 03:32:44 UTC 2026","passed","Thu Jun 04 03:32:44 UTC 2026","","","",""
"Test cases for TestResources_UpdateSavedQuery_AdminPrivateQuery_Success","0","TestResources_UpdateSavedQuery_AdminPrivateQuery_Success","","Thu Jun 04 03:29:39 UTC 2026","passed","Thu Jun 04 03:29:39 UTC 2026","","Go Test","github.com/specterops/bloodhound/cmd/api/src/api/v2/TestResources_UpdateSavedQuery_AdminPrivateQuery_Success","TestResources_UpdateSavedQuery_AdminPrivateQuery_Success"
"","1008","should not call onSubmit when password does not match confirmation password when reset password button clicked","PasswordResetForm","Thu Jun 04 03:33:40 UTC 2026","passed","Thu Jun 04 03:33:41 UTC 2026","","","",""
"Test cases for TestBoolSetValid","0","TestBoolSetValid","","Thu Jun 04 03:29:42 UTC 2026","passed","Thu Jun 04 03:29:42 UTC 2026","","Go Test","github.com/specterops/bloodhound/cmd/api/src/database/types/null/TestBoolSetValid","TestBoolSetValid"
"","277","only sends dirty fields in the request when updating","Tag Form","Thu Jun 04 03:30:44 UTC 2026","passed","Thu Jun 04 03:30:44 UTC 2026","","","",""
"","0","Empty input is provided","Parsing the debounced input for type and keyword values","Thu Jun 04 03:34:30 UTC 2026","passed","Thu Jun 04 03:34:30 UTC 2026","","","",""
"","413","should eventually display list of tokens","UserTokenManagementDialog","Thu Jun 04 03:32:35 UTC 2026","passed","Thu Jun 04 03:32:36 UTC 2026","","","",""
"Test cases for TestGetMFAActivationStatus_Success","0","TestGetMFAActivationStatus_Success","","Thu Jun 04 03:30:12 UTC 2026","passed","Thu Jun 04 03:30:12 UTC 2026","","Go Test","github.com/specterops/bloodhound/cmd/api/src/api/v2/auth/TestGetMFAActivationStatus_Success","TestGetMFAActivationStatus_Success"
"","48","mounts a polite aria-live region","AnnouncementProvider","Thu Jun 04 03:34:21 UTC 2026","passed","Thu Jun 04 03:34:21 UTC 2026","","","",""
"Test cases for TestResources_SearchAssetGroupTagHistory","101","TestResources_SearchAssetGroupTagHistory","","Thu Jun 04 03:29:38 UTC 2026","passed","Thu Jun 04 03:29:39 UTC 2026","","Go Test","github.com/specterops/bloodhound/cmd/api/src/api/v2/TestResources_SearchAssetGroupTagHistory","TestResources_SearchAssetGroupTagHistory"
"","69","enables correctly returning the tag associated with Tier Zero (position value of 1) from the list of tags","the useAssetGroupTags utilities","Thu Jun 04 03:32:42 UTC 2026","passed","Thu Jun 04 03:32:42 UTC 2026","","","",""
"","70","correctly handles the hygiene ID with value 0 by not omitting it in the params value even though 0 is falsey","usePZQueryParams","Thu Jun 04 03:34:17 UTC 2026","passed","Thu Jun 04 03:34:17 UTC 2026","","","",""
"","137","upon selecting a source node, updates the URL with a searchType of 'node' and primarySearch of the node's objectid","useNodeSearch","Thu Jun 04 03:35:14 UTC 2026","passed","Thu Jun 04 03:35:14 UTC 2026","","","",""
"","155","does not show ""<10 Days to Expire"" warning when token expires in more than 10 days","UserTokenManagementDialog - API Expiration Date column","Thu Jun 04 03:32:38 UTC 2026","passed","Thu Jun 04 03:32:38 UTC 2026","","","",""
"","208","displays loading state","GraphDataCheckboxes","Thu Jun 04 03:32:06 UTC 2026","passed","Thu Jun 04 03:32:06 UTC 2026","","","",""
"Test cases for TestRewriter_Enter_NoShortcut_PreservesKinds","0","TestRewriter_Enter_NoShortcut_PreservesKinds","","Thu Jun 04 03:29:44 UTC 2026","passed","Thu Jun 04 03:29:44 UTC 2026","","Go Test","github.com/specterops/bloodhound/cmd/api/src/queries/TestRewriter_Enter_NoShortcut_PreservesKinds","TestRewriter_Enter_NoShortcut_PreservesKinds"
"","1","returns query config when searchType is relationship and all required params are passed","useExploreGraph","Thu Jun 04 03:32:07 UTC 2026","passed","Thu Jun 04 03:32:07 UTC 2026","relationship search queries","exploreGraphQueryFactory","",""
"Test cases for TestResources_DeleteSavedQuery_RecordNotFound_EdgeCase","0","TestResources_DeleteSavedQuery_RecordNotFound_EdgeCase","","Thu Jun 04 03:29:39 UTC 2026","passed","Thu Jun 04 03:29:39 UTC 2026","","Go Test","github.com/specterops/bloodhound/cmd/api/src/api/v2/TestResources_DeleteSavedQuery_RecordNotFound_EdgeCase","TestResources_DeleteSavedQuery_RecordNotFound_EdgeCase"
"","8474","checking a subcategory updates all children (edge types) in its group","Pathfinding","Thu Jun 04 03:31:41 UTC 2026","passed","Thu Jun 04 03:31:50 UTC 2026","","","",""
"Test cases for TestResources_ListADDomainContainedOUs","0","TestResources_ListADDomainContainedOUs","","Thu Jun 04 03:29:38 UTC 2026","passed","Thu Jun 04 03:29:38 UTC 2026","","Go Test","github.com/specterops/bloodhound/cmd/api/src/api/v2/TestResources_ListADDomainContainedOUs","TestResources_ListADDomainContainedOUs"
"","16","does not include OpenGraph edges when the associated feature flag is disabled","useEdgeCategories","Thu Jun 04 03:33:04 UTC 2026","passed","Thu Jun 04 03:33:04 UTC 2026","","","",""
"Test cases for TestSetValue","0","TestSetValue","","Thu Jun 04 03:29:39 UTC 2026","passed","Thu Jun 04 03:29:39 UTC 2026","","Go Test","github.com/specterops/bloodhound/cmd/api/src/config/TestSetValue","TestSetValue"
"Test cases for Test_getSearchableNodeKinds","0","Test_getSearchableNodeKinds","","Thu Jun 04 03:29:38 UTC 2026","passed","Thu Jun 04 03:29:38 UTC 2026","","Go Test","github.com/specterops/bloodhound/cmd/api/src/api/v2/Test_getSearchableNodeKinds","Test_getSearchableNodeKinds"
"Test cases for TestHasSequence","1","TestHasSequence","","Thu Jun 04 03:29:55 UTC 2026","passed","Thu Jun 04 03:29:55 UTC 2026","","Go Test","github.com/specterops/bloodhound/packages/go/bomenc/TestHasSequence","TestHasSequence"
"Test cases for TestDatabase_GetAssetGroupTagSelector","2","TestDatabase_GetAssetGroupTagSelector","","Thu Jun 04 03:29:38 UTC 2026","passed","Thu Jun 04 03:29:38 UTC 2026","","Go Test","github.com/specterops/bloodhound/cmd/api/src/api/v2/TestDatabase_GetAssetGroupTagSelector","TestDatabase_GetAssetGroupTagSelector"
"","204","navigates to previous history entry when warning dialog is cancelled","EarlyAccessFeatures","Thu Jun 04 03:37:06 UTC 2026","passed","Thu Jun 04 03:37:07 UTC 2026","","","",""
"","64","Calls the cypher search endpoint for a node with a type that is not in our schema","EntityObjectInformation","Thu Jun 04 03:33:49 UTC 2026","passed","Thu Jun 04 03:33:50 UTC 2026","","","",""
"","606","should sort by type","SSOProviderTable","Thu Jun 04 03:34:43 UTC 2026","passed","Thu Jun 04 03:34:43 UTC 2026","","","",""
"","149","shows the empty form message when Object Rule Form is empty","Seed Selection Results","Thu Jun 04 03:32:38 UTC 2026","passed","Thu Jun 04 03:32:38 UTC 2026","","","",""
"Test cases for TestRRuleValidator","0","TestRRuleValidator","","Thu Jun 04 03:29:51 UTC 2026","passed","Thu Jun 04 03:29:51 UTC 2026","","Go Test","github.com/specterops/bloodhound/cmd/api/src/utils/validation/TestRRuleValidator","TestRRuleValidator"
"","56","displays ! icon when one of the Affected Object calls fail","EntityInfoDataTable","Thu Jun 04 03:32:32 UTC 2026","passed","Thu Jun 04 03:32:32 UTC 2026","","Node count for nested table that counts all sections","",""
"","611","should reject passwords with no special characters","CreateUserForm","Thu Jun 04 03:31:23 UTC 2026","passed","Thu Jun 04 03:31:24 UTC 2026","","","",""
"","244","passes item props to Header and Content","<DetailsAccordion />","Thu Jun 04 03:32:44 UTC 2026","passed","Thu Jun 04 03:32:44 UTC 2026","","","",""
"","200","a timeout response from the server is handled","ExploreSearchCombobox with search timeout","Thu Jun 04 03:33:01 UTC 2026","passed","Thu Jun 04 03:33:01 UTC 2026","","","",""
"Test cases for TestParseAGMembersFromNodes_","0","TestParseAGMembersFromNodes_","","Thu Jun 04 03:29:38 UTC 2026","passed","Thu Jun 04 03:29:38 UTC 2026","","Go Test","github.com/specterops/bloodhound/cmd/api/src/api/v2/TestParseAGMembersFromNodes_","TestParseAGMembersFromNodes_"
"Test cases for TestMap","0","TestMap","","Thu Jun 04 03:29:57 UTC 2026","passed","Thu Jun 04 03:29:57 UTC 2026","","Go Test","github.com/specterops/bloodhound/packages/go/lab/internal/TestMap","TestMap"
"","0","returns paramValue as EnvironmentAggregation if paramValue is all","useEnvironmentParams","Thu Jun 04 03:36:11 UTC 2026","passed","Thu Jun 04 03:36:11 UTC 2026","","parseEnvironmentAggregation","",""
"","787","should call onSave when save button is clicked","SaveQueryDialog","Thu Jun 04 03:30:43 UTC 2026","passed","Thu Jun 04 03:30:43 UTC 2026","","","",""
"","1534","should render","EntityInfoHeader","Thu Jun 04 03:34:27 UTC 2026","passed","Thu Jun 04 03:34:29 UTC 2026","","","",""
"","1","combines all filter types","filterAndSearchEnvironments","Thu Jun 04 03:31:05 UTC 2026","passed","Thu Jun 04 03:31:05 UTC 2026","","combined filters","",""
"Test cases for TestFoldr","1","TestFoldr","","Thu Jun 04 03:29:57 UTC 2026","passed","Thu Jun 04 03:29:57 UTC 2026","","Go Test","github.com/specterops/bloodhound/packages/go/slicesext/TestFoldr","TestFoldr"
"","371","shows success notification after successful deletion","ActiveExtensionsCard","Thu Jun 04 03:31:15 UTC 2026","passed","Thu Jun 04 03:31:16 UTC 2026","","","",""
"Test cases for TestFloatIsZero","0","TestFloatIsZero","","Thu Jun 04 03:29:42 UTC 2026","passed","Thu Jun 04 03:29:42 UTC 2026","","Go Test","github.com/specterops/bloodhound/cmd/api/src/database/types/null/TestFloatIsZero","TestFloatIsZero"
"","3","does not put assertive messages in the polite region","AnnouncementProvider","Thu Jun 04 03:34:21 UTC 2026","passed","Thu Jun 04 03:34:21 UTC 2026","","","",""
"Test cases for TestManagementResource_ListPermissions_PredicateMismatchWithColumn","0","TestManagementResource_ListPermissions_PredicateMismatchWithColumn","","Thu Jun 04 03:29:45 UTC 2026","passed","Thu Jun 04 03:29:45 UTC 2026","","Go Test","github.com/specterops/bloodhound/cmd/api/src/api/v2/auth/TestManagementResource_ListPermissions_PredicateMismatchWithColumn","TestManagementResource_ListPermissions_PredicateMismatchWithColumn"
"Test cases for TestResources_UpdateSavedQuery_InvalidBody","0","TestResources_UpdateSavedQuery_InvalidBody","","Thu Jun 04 03:29:39 UTC 2026","passed","Thu Jun 04 03:29:39 UTC 2026","","Go Test","github.com/specterops/bloodhound/cmd/api/src/api/v2/TestResources_UpdateSavedQuery_InvalidBody","TestResources_UpdateSavedQuery_InvalidBody"
"","349","Close button click causes the callback function to be called","ExploreTable","Thu Jun 04 03:30:43 UTC 2026","passed","Thu Jun 04 03:30:44 UTC 2026","","","",""
"","228","shows an error state","AssetGroupMenuItem","Thu Jun 04 03:32:54 UTC 2026","passed","Thu Jun 04 03:32:55 UTC 2026","","","",""
"Test cases for TestSelfDestructingTempFile","0","TestSelfDestructingTempFile","","Thu Jun 04 03:29:28 UTC 2026","passed","Thu Jun 04 03:29:28 UTC 2026","","Go Test","github.com/specterops/bloodhound/cmd/api/src/api/TestSelfDestructingTempFile","TestSelfDestructingTempFile"
"Test cases for TestResources_CreateSavedQuery_NotAUserAuth","3","TestResources_CreateSavedQuery_NotAUserAuth","","Thu Jun 04 03:29:39 UTC 2026","passed","Thu Jun 04 03:29:39 UTC 2026","","Go Test","github.com/specterops/bloodhound/cmd/api/src/api/v2/TestResources_CreateSavedQuery_NotAUserAuth","TestResources_CreateSavedQuery_NotAUserAuth"
"Test cases for TestIngestJobs_IsSortable","0","TestIngestJobs_IsSortable","","Thu Jun 04 03:29:43 UTC 2026","passed","Thu Jun 04 03:29:43 UTC 2026","","Go Test","github.com/specterops/bloodhound/cmd/api/src/model/TestIngestJobs_IsSortable","TestIngestJobs_IsSortable"
"Test cases for TestResources_DeleteAssetGroup","0","TestResources_DeleteAssetGroup","","Thu Jun 04 03:29:38 UTC 2026","passed","Thu Jun 04 03:29:38 UTC 2026","","Go Test","github.com/specterops/bloodhound/cmd/api/src/api/v2/TestResources_DeleteAssetGroup","TestResources_DeleteAssetGroup"
"Test cases for TestMarshalBool","0","TestMarshalBool","","Thu Jun 04 03:29:42 UTC 2026","passed","Thu Jun 04 03:29:42 UTC 2026","","Go Test","github.com/specterops/bloodhound/cmd/api/src/database/types/null/TestMarshalBool","TestMarshalBool"
"Test cases for TestResources_ListADEntityLinkedGPOs","2","TestResources_ListADEntityLinkedGPOs","","Thu Jun 04 03:29:38 UTC 2026","passed","Thu Jun 04 03:29:38 UTC 2026","","Go Test","github.com/specterops/bloodhound/cmd/api/src/api/v2/TestResources_ListADEntityLinkedGPOs","TestResources_ListADEntityLinkedGPOs"
"Test cases for TestResources_GetAssetGroupMemberCount_DBError","0","TestResources_GetAssetGroupMemberCount_DBError","","Thu Jun 04 03:29:38 UTC 2026","passed","Thu Jun 04 03:29:38 UTC 2026","","Go Test","github.com/specterops/bloodhound/cmd/api/src/api/v2/TestResources_GetAssetGroupMemberCount_DBError","TestResources_GetAssetGroupMemberCount_DBError"
"Test cases for TestResources_ProcessIngestTask","12","TestResources_ProcessIngestTask","","Thu Jun 04 03:29:39 UTC 2026","passed","Thu Jun 04 03:29:39 UTC 2026","","Go Test","github.com/specterops/bloodhound/cmd/api/src/api/v2/TestResources_ProcessIngestTask","TestResources_ProcessIngestTask"
"","143","highlights selectedLayout rather than the table option when searchType is not cypher","GraphControls","Thu Jun 04 03:31:02 UTC 2026","passed","Thu Jun 04 03:31:02 UTC 2026","","Table view selection state","",""
"Test cases for TestParseIntQueryParameter","116","TestParseIntQueryParameter","","Thu Jun 04 03:29:39 UTC 2026","passed","Thu Jun 04 03:29:39 UTC 2026","","Go Test","github.com/specterops/bloodhound/cmd/api/src/api/v2/TestParseIntQueryParameter","TestParseIntQueryParameter"
"Test cases for TestResources_ListADEntityControllables","0","TestResources_ListADEntityControllables","","Thu Jun 04 03:29:38 UTC 2026","passed","Thu Jun 04 03:29:38 UTC 2026","","Go Test","github.com/specterops/bloodhound/cmd/api/src/api/v2/TestResources_ListADEntityControllables","TestResources_ListADEntityControllables"
"Test cases for TestResources_GetNTAuthStoreEntityInfo","292","TestResources_GetNTAuthStoreEntityInfo","","Thu Jun 04 03:29:38 UTC 2026","passed","Thu Jun 04 03:29:39 UTC 2026","","Go Test","github.com/specterops/bloodhound/cmd/api/src/api/v2/TestResources_GetNTAuthStoreEntityInfo","TestResources_GetNTAuthStoreEntityInfo"
"","343","adds a ""Close"" button that closes the dialog after a failed upload","SchemaUploadDialog","Thu Jun 04 03:32:18 UTC 2026","passed","Thu Jun 04 03:32:18 UTC 2026","","","",""
"Test cases for TestQueryParameterFilterParser_ParseQueryParameterFilter","2","TestQueryParameterFilterParser_ParseQueryParameterFilter","","Thu Jun 04 03:29:43 UTC 2026","passed","Thu Jun 04 03:29:43 UTC 2026","","Go Test","github.com/specterops/bloodhound/cmd/api/src/model/TestQueryParameterFilterParser_ParseQueryParameterFilter","TestQueryParameterFilterParser_ParseQueryParameterFilter"
"","26","should filter properties that we do not want to display in the entity panel","ObjectInfoFields","Thu Jun 04 03:35:36 UTC 2026","passed","Thu Jun 04 03:35:36 UTC 2026","","","",""
"","342","should render a TagToZoneLabelDialog component","TagToZoneLabelDialog","Thu Jun 04 03:34:02 UTC 2026","passed","Thu Jun 04 03:34:02 UTC 2026","","","",""
"","2","stores an array value in localStorage","useLocalStorage","Thu Jun 04 03:33:18 UTC 2026","passed","Thu Jun 04 03:33:18 UTC 2026","","setValue","",""
"Test cases for TestRequireAllEnvironmentAccessMiddleware","0","TestRequireAllEnvironmentAccessMiddleware","","Thu Jun 04 03:29:32 UTC 2026","passed","Thu Jun 04 03:29:32 UTC 2026","","Go Test","github.com/specterops/bloodhound/cmd/api/src/api/middleware/TestRequireAllEnvironmentAccessMiddleware","TestRequireAllEnvironmentAccessMiddleware"
"","1","adds email filter if madeBy contains ""@""","createHistoryParams","Thu Jun 04 03:35:14 UTC 2026","passed","Thu Jun 04 03:35:14 UTC 2026","","","",""
"","22","displays a status label","StatusIndicator","Thu Jun 04 03:36:03 UTC 2026","passed","Thu Jun 04 03:36:03 UTC 2026","","","",""
"Test cases for TestResources_CreateAssetGroupTagSelector","0","TestResources_CreateAssetGroupTagSelector","","Thu Jun 04 03:29:38 UTC 2026","passed","Thu Jun 04 03:29:38 UTC 2026","","Go Test","github.com/specterops/bloodhound/cmd/api/src/api/v2/TestResources_CreateAssetGroupTagSelector","TestResources_CreateAssetGroupTagSelector"
"","295","should display ""Disable Multi-Factor Authentication?"" title","Enable2FADialog","Thu Jun 04 03:34:42 UTC 2026","passed","Thu Jun 04 03:34:42 UTC 2026","","","",""
"Test cases for TestWriteAndValidateZip","0","TestWriteAndValidateZip","","Thu Jun 04 03:29:48 UTC 2026","passed","Thu Jun 04 03:29:48 UTC 2026","","Go Test","github.com/specterops/bloodhound/cmd/api/src/services/upload/TestWriteAndValidateZip","TestWriteAndValidateZip"
"","5053","should render","Pathfinding","Thu Jun 04 03:31:14 UTC 2026","passed","Thu Jun 04 03:31:19 UTC 2026","","","",""
"","415","switches Rule tab to active/selected when clicked","Selected Details Tabs","Thu Jun 04 03:33:24 UTC 2026","passed","Thu Jun 04 03:33:24 UTC 2026","","Selected Details Tabs - Click Interactions","",""
"","221","Trying to view the edge info does not crash the app when selecting an unrecognized edge","EdgeInfoContent","Thu Jun 04 03:31:11 UTC 2026","passed","Thu Jun 04 03:31:11 UTC 2026","","","",""
"","161","upon selecting just a source node, updates the URL with a searchType of 'node' and primarySearch of the node's objectid","usePathfindingSearch","Thu Jun 04 03:33:37 UTC 2026","passed","Thu Jun 04 03:33:38 UTC 2026","","","",""
"","112","Calls the `Base` endpoint for a LocalGroup type node","EntityObjectInformation","Thu Jun 04 03:33:49 UTC 2026","passed","Thu Jun 04 03:33:49 UTC 2026","","","",""
"","313","does not display a “Disable query timeout” checkbox when timeout limit param config is enabled true","ExploreSearch interaction","Thu Jun 04 03:36:53 UTC 2026","passed","Thu Jun 04 03:36:53 UTC 2026","","","",""
"Test cases for TestManagementResource_ListUsers_InvalidColumn","2","TestManagementResource_ListUsers_InvalidColumn","","Thu Jun 04 03:29:45 UTC 2026","passed","Thu Jun 04 03:29:45 UTC 2026","","Go Test","github.com/specterops/bloodhound/cmd/api/src/api/v2/auth/TestManagementResource_ListUsers_InvalidColumn","TestManagementResource_ListUsers_InvalidColumn"
"","1","should exclude tags and operations that do not match the term","opsFilter","Thu Jun 04 03:35:07 UTC 2026","passed","Thu Jun 04 03:35:07 UTC 2026","","","",""
"Test cases for TestResources_GetDomainEntityInfo","0","TestResources_GetDomainEntityInfo","","Thu Jun 04 03:29:38 UTC 2026","passed","Thu Jun 04 03:29:38 UTC 2026","","Go Test","github.com/specterops/bloodhound/cmd/api/src/api/v2/TestResources_GetDomainEntityInfo","TestResources_GetDomainEntityInfo"
"","11","shows hint by default","ManagedDatePicker - placeholders","Thu Jun 04 03:33:53 UTC 2026","passed","Thu Jun 04 03:33:53 UTC 2026","","","",""
"","151","button displays ""Enabled"" when flag is enabled","EarlyAccessFeatureToggle","Thu Jun 04 03:37:15 UTC 2026","passed","Thu Jun 04 03:37:15 UTC 2026","","","",""
"Test cases for TestResources_ListAuditLogs_PredicateMismatchWithColumn","2","TestResources_ListAuditLogs_PredicateMismatchWithColumn","","Thu Jun 04 03:29:38 UTC 2026","passed","Thu Jun 04 03:29:38 UTC 2026","","Go Test","github.com/specterops/bloodhound/cmd/api/src/api/v2/TestResources_ListAuditLogs_PredicateMismatchWithColumn","TestResources_ListAuditLogs_PredicateMismatchWithColumn"
"","653","should display Environmental Targeted Access Control panel when showEnvironmentAccessControls prop is true and user role is selected","CreateUserForm","Thu Jun 04 03:31:19 UTC 2026","passed","Thu Jun 04 03:31:20 UTC 2026","","","",""
"","0","returns empty array when combined filters match nothing","filterAndSearchEnvironments","Thu Jun 04 03:31:05 UTC 2026","passed","Thu Jun 04 03:31:05 UTC 2026","","combined filters","",""
"","409","toggles parent from none to all","GraphDataCheckboxes","Thu Jun 04 03:32:09 UTC 2026","passed","Thu Jun 04 03:32:09 UTC 2026","","","",""
"Test cases for FuzzFoldr","0","FuzzFoldr","","Thu Jun 04 03:29:57 UTC 2026","passed","Thu Jun 04 03:29:57 UTC 2026","","Go Test","github.com/specterops/bloodhound/packages/go/slicesext/FuzzFoldr","FuzzFoldr"
"Test cases for TestIntIsZero","0","TestIntIsZero","","Thu Jun 04 03:29:42 UTC 2026","passed","Thu Jun 04 03:29:42 UTC 2026","","Go Test","github.com/specterops/bloodhound/cmd/api/src/database/types/null/TestIntIsZero","TestIntIsZero"
"","2","Edge is created with correct structure including points array","copySigmaEdgesToGraphlibGraph","Thu Jun 04 03:37:09 UTC 2026","passed","Thu Jun 04 03:37:09 UTC 2026","","","",""
"Test cases for TestUrlValidator","0","TestUrlValidator","","Thu Jun 04 03:29:51 UTC 2026","passed","Thu Jun 04 03:29:51 UTC 2026","","Go Test","github.com/specterops/bloodhound/cmd/api/src/utils/validation/TestUrlValidator","TestUrlValidator"
"Test cases for TestQueries_GetRequestedType","0","TestQueries_GetRequestedType","","Thu Jun 04 03:29:44 UTC 2026","passed","Thu Jun 04 03:29:44 UTC 2026","","Go Test","github.com/specterops/bloodhound/cmd/api/src/queries/TestQueries_GetRequestedType","TestQueries_GetRequestedType"
"","571","sets exploreSearchTab param to node when the user clicks the `Search` tab","ExploreSearch sets searchType on tab changing","Thu Jun 04 03:36:47 UTC 2026","passed","Thu Jun 04 03:36:48 UTC 2026","","","",""
"Test cases for TestDomainSelectors_GetFilterCriteria_InvalidFilterColumn","0","TestDomainSelectors_GetFilterCriteria_InvalidFilterColumn","","Thu Jun 04 03:29:43 UTC 2026","passed","Thu Jun 04 03:29:43 UTC 2026","","Go Test","github.com/specterops/bloodhound/cmd/api/src/model/TestDomainSelectors_GetFilterCriteria_InvalidFilterColumn","TestDomainSelectors_GetFilterCriteria_InvalidFilterColumn"
"","37","calculates the running time of a job and converts to a human readable format","getSimpleDuration","Thu Jun 04 03:35:26 UTC 2026","passed","Thu Jun 04 03:35:26 UTC 2026","","","",""
"Test cases for TestTracker_ConcurrentHasEdge","0","TestTracker_ConcurrentHasEdge","","Thu Jun 04 03:29:55 UTC 2026","passed","Thu Jun 04 03:29:55 UTC 2026","","Go Test","github.com/specterops/bloodhound/packages/go/analysis/post/TestTracker_ConcurrentHasEdge","TestTracker_ConcurrentHasEdge"
"","1273","sets input text on date click","ManagedDatePicker - date validation","Thu Jun 04 03:33:51 UTC 2026","passed","Thu Jun 04 03:33:52 UTC 2026","","","",""
"","4","returns default empty labels and relationshipTypes when called with no arguments","graphSchema","Thu Jun 04 03:35:39 UTC 2026","passed","Thu Jun 04 03:35:39 UTC 2026","","","",""
"","0","escapes multiple single quotes","escapeCypherString","Thu Jun 04 03:36:05 UTC 2026","passed","Thu Jun 04 03:36:05 UTC 2026","","","",""
"Test cases for TestResources_GetEdgeRelayTargets","70","TestResources_GetEdgeRelayTargets","","Thu Jun 04 03:29:39 UTC 2026","passed","Thu Jun 04 03:29:39 UTC 2026","","Go Test","github.com/specterops/bloodhound/cmd/api/src/api/v2/TestResources_GetEdgeRelayTargets","TestResources_GetEdgeRelayTargets"
"Test cases for TestResources_GetEdgeACLInheritancePath","89","TestResources_GetEdgeACLInheritancePath","","Thu Jun 04 03:29:39 UTC 2026","passed","Thu Jun 04 03:29:39 UTC 2026","","Go Test","github.com/specterops/bloodhound/cmd/api/src/api/v2/TestResources_GetEdgeACLInheritancePath","TestResources_GetEdgeACLInheritancePath"
"","0","Origin label and sizing are used when specified","copySigmaNodesToGraphlibGraph","Thu Jun 04 03:37:09 UTC 2026","passed","Thu Jun 04 03:37:09 UTC 2026","","","",""
"","193","displays extensions in a table when data is available","ActiveExtensionsCard","Thu Jun 04 03:31:09 UTC 2026","passed","Thu Jun 04 03:31:10 UTC 2026","","","",""
"Test cases for TestWriteBasicResponse","0","TestWriteBasicResponse","","Thu Jun 04 03:29:28 UTC 2026","passed","Thu Jun 04 03:29:28 UTC 2026","","Go Test","github.com/specterops/bloodhound/cmd/api/src/api/TestWriteBasicResponse","TestWriteBasicResponse"
"","1166","should call onSubmit with password when reset password button clicked","PasswordResetForm","Thu Jun 04 03:33:39 UTC 2026","passed","Thu Jun 04 03:33:40 UTC 2026","","","",""
"Test cases for TestResources_ToggleFlag","0","TestResources_ToggleFlag","","Thu Jun 04 03:29:39 UTC 2026","passed","Thu Jun 04 03:29:39 UTC 2026","","Go Test","github.com/specterops/bloodhound/cmd/api/src/api/v2/TestResources_ToggleFlag","TestResources_ToggleFlag"
"Test cases for TestCacheEntryDigester_DigestEndpoint_MatchByName","0","TestCacheEntryDigester_DigestEndpoint_MatchByName","","Thu Jun 04 03:29:46 UTC 2026","passed","Thu Jun 04 03:29:46 UTC 2026","","Go Test","github.com/specterops/bloodhound/cmd/api/src/services/graphify/endpoint/TestCacheEntryDigester_DigestEndpoint_MatchByName","TestCacheEntryDigester_DigestEndpoint_MatchByName"
"","123","updates value when an invalid date typed","ManagedDatePicker - value","Thu Jun 04 03:33:53 UTC 2026","passed","Thu Jun 04 03:33:53 UTC 2026","","","",""
"Test cases for TestInt64IsZero","0","TestInt64IsZero","","Thu Jun 04 03:29:42 UTC 2026","passed","Thu Jun 04 03:29:42 UTC 2026","","Go Test","github.com/specterops/bloodhound/cmd/api/src/database/types/null/TestInt64IsZero","TestInt64IsZero"
"","50","renders the title","ProcessingIndicator","Thu Jun 04 03:36:14 UTC 2026","passed","Thu Jun 04 03:36:14 UTC 2026","","","",""
"Test cases for TestBOMEncoding","0","TestBOMEncoding","","Thu Jun 04 03:29:55 UTC 2026","passed","Thu Jun 04 03:29:55 UTC 2026","","Go Test","github.com/specterops/bloodhound/packages/go/bomenc/TestBOMEncoding","TestBOMEncoding"
"Test cases for TestTextUnmarshalString","0","TestTextUnmarshalString","","Thu Jun 04 03:29:42 UTC 2026","passed","Thu Jun 04 03:29:42 UTC 2026","","Go Test","github.com/specterops/bloodhound/cmd/api/src/database/types/null/TestTextUnmarshalString","TestTextUnmarshalString"
"","150","Verify Vault Reader count is the count returned by All Readers","EntityInfoDataTableGraphed","Thu Jun 04 03:33:09 UTC 2026","passed","Thu Jun 04 03:33:10 UTC 2026","","Node count for Vault Readers nested table","",""
"","1014","should render with a full list of multiple tenants and domains","Simple Environment Selector","Thu Jun 04 03:33:11 UTC 2026","passed","Thu Jun 04 03:33:12 UTC 2026","","","",""
"Test cases for TestIntPointer","0","TestIntPointer","","Thu Jun 04 03:29:42 UTC 2026","passed","Thu Jun 04 03:29:42 UTC 2026","","Go Test","github.com/specterops/bloodhound/cmd/api/src/database/types/null/TestIntPointer","TestIntPointer"
"Test cases for TestResources_DeleteExtension","108","TestResources_DeleteExtension","","Thu Jun 04 03:29:39 UTC 2026","passed","Thu Jun 04 03:29:39 UTC 2026","","Go Test","github.com/specterops/bloodhound/cmd/api/src/api/v2/TestResources_DeleteExtension","TestResources_DeleteExtension"
"Test cases for TestResources_DeleteSavedQuery_RecordNotFound","0","TestResources_DeleteSavedQuery_RecordNotFound","","Thu Jun 04 03:29:39 UTC 2026","passed","Thu Jun 04 03:29:39 UTC 2026","","Go Test","github.com/specterops/bloodhound/cmd/api/src/api/v2/TestResources_DeleteSavedQuery_RecordNotFound","TestResources_DeleteSavedQuery_RecordNotFound"
"Test cases for TestResources_SearchHandler_ETAC","2","TestResources_SearchHandler_ETAC","","Thu Jun 04 03:29:39 UTC 2026","passed","Thu Jun 04 03:29:39 UTC 2026","","Go Test","github.com/specterops/bloodhound/cmd/api/src/api/v2/TestResources_SearchHandler_ETAC","TestResources_SearchHandler_ETAC"
"","0","handles only escapable characters","escapeCypherString","Thu Jun 04 03:36:05 UTC 2026","passed","Thu Jun 04 03:36:05 UTC 2026","","","",""
"Test cases for TestResources_DeleteAssetGroupSelector","2","TestResources_DeleteAssetGroupSelector","","Thu Jun 04 03:29:38 UTC 2026","passed","Thu Jun 04 03:29:38 UTC 2026","","Go Test","github.com/specterops/bloodhound/cmd/api/src/api/v2/TestResources_DeleteAssetGroupSelector","TestResources_DeleteAssetGroupSelector"
"","615","renders a list of asset group members","GroupManagement","Thu Jun 04 03:37:06 UTC 2026","passed","Thu Jun 04 03:37:07 UTC 2026","","","",""
"","275","renders correctly with requiresCurrentPassword true","PasswordDialog","Thu Jun 04 03:31:24 UTC 2026","passed","Thu Jun 04 03:31:24 UTC 2026","","","",""
"","1535","reverts to the default graph view when the user de-selects the currently selected table layout","GraphView","Thu Jun 04 03:36:47 UTC 2026","passed","Thu Jun 04 03:36:49 UTC 2026","","Layout selection and de-selection","",""
"","0","returns paramValue as EnvironmentAggregation for unknown values (custom types)","useEnvironmentParams","Thu Jun 04 03:36:11 UTC 2026","passed","Thu Jun 04 03:36:11 UTC 2026","","parseEnvironmentAggregation","",""
"","48","composes search params from the search prop and use them in the link","AppLink","Thu Jun 04 03:34:22 UTC 2026","passed","Thu Jun 04 03:34:22 UTC 2026","","","",""
"Test cases for TestQueries_GetEntityObjectIDFromRequestPath","0","TestQueries_GetEntityObjectIDFromRequestPath","","Thu Jun 04 03:29:44 UTC 2026","passed","Thu Jun 04 03:29:44 UTC 2026","","Go Test","github.com/specterops/bloodhound/cmd/api/src/queries/TestQueries_GetEntityObjectIDFromRequestPath","TestQueries_GetEntityObjectIDFromRequestPath"
"Test cases for Test_filterAndFormatSearchResults_filterEnvironmentsEmpty","0","Test_filterAndFormatSearchResults_filterEnvironmentsEmpty","","Thu Jun 04 03:29:38 UTC 2026","passed","Thu Jun 04 03:29:38 UTC 2026","","Go Test","github.com/specterops/bloodhound/cmd/api/src/api/v2/Test_filterAndFormatSearchResults_filterEnvironmentsEmpty","Test_filterAndFormatSearchResults_filterEnvironmentsEmpty"
"","96","applies correct dynamic height based on filtered data","ActiveExtensionsCard","Thu Jun 04 03:31:12 UTC 2026","passed","Thu Jun 04 03:31:12 UTC 2026","","","",""
"","5","uses the default filename generator when exporting JSON","exportGraphData","Thu Jun 04 03:35:32 UTC 2026","passed","Thu Jun 04 03:35:32 UTC 2026","","","",""
"Test cases for Test_signedRequestDate","0","Test_signedRequestDate","","Thu Jun 04 03:29:32 UTC 2026","passed","Thu Jun 04 03:29:32 UTC 2026","","Go Test","github.com/specterops/bloodhound/cmd/api/src/api/middleware/Test_signedRequestDate","Test_signedRequestDate"
"Test cases for TestNewDefaultConfig","0","TestNewDefaultConfig","","Thu Jun 04 03:29:39 UTC 2026","passed","Thu Jun 04 03:29:39 UTC 2026","","Go Test","github.com/specterops/bloodhound/cmd/api/src/config/TestNewDefaultConfig","TestNewDefaultConfig"
"","385","renders a snackbar notification in the dom and tests autoHideDuration","AppNotifications","Thu Jun 04 03:34:52 UTC 2026","passed","Thu Jun 04 03:34:52 UTC 2026","","","",""
"","958","should eventually render previously configured SSO providers","SSOConfiguration","Thu Jun 04 03:32:51 UTC 2026","passed","Thu Jun 04 03:32:52 UTC 2026","","","",""
"","0","Will ignore colons after the first and use them as part of the keyword search","Parsing the debounced input for type and keyword values","Thu Jun 04 03:34:30 UTC 2026","passed","Thu Jun 04 03:34:30 UTC 2026","","","",""
"","2","stores a number value in localStorage","useLocalStorage","Thu Jun 04 03:33:18 UTC 2026","passed","Thu Jun 04 03:33:18 UTC 2026","","setValue","",""
"","275","shows ""Select All"" when not all columns are selected","ManageColumnsComboBox","Thu Jun 04 03:32:47 UTC 2026","passed","Thu Jun 04 03:32:47 UTC 2026","","","",""
"Test cases for TestSavedQueries_GetValidFilterPredicatesAsStrings","0","TestSavedQueries_GetValidFilterPredicatesAsStrings","","Thu Jun 04 03:29:43 UTC 2026","passed","Thu Jun 04 03:29:43 UTC 2026","","Go Test","github.com/specterops/bloodhound/cmd/api/src/model/TestSavedQueries_GetValidFilterPredicatesAsStrings","TestSavedQueries_GetValidFilterPredicatesAsStrings"
"","15","keeps callbacks stable across renders","useObjectState","Thu Jun 04 03:35:25 UTC 2026","passed","Thu Jun 04 03:35:25 UTC 2026","","","",""
"","279","displays expected results when searching by label","SearchCurrentNodes","Thu Jun 04 03:34:12 UTC 2026","passed","Thu Jun 04 03:34:12 UTC 2026","","","",""
"","137","returns a nodes array","useEdgeInfoItems","Thu Jun 04 03:34:20 UTC 2026","passed","Thu Jun 04 03:34:20 UTC 2026","","","",""
"TestMigrator_GenerateManifestAfterVersion builds upon the GenerateManifest testby starting from different version points and spot checking migration counts.","0","TestMigrator_GenerateManifestAfterVersion","","Thu Jun 04 03:29:41 UTC 2026","passed","Thu Jun 04 03:29:41 UTC 2026","","Go Test","github.com/specterops/bloodhound/cmd/api/src/database/migration/TestMigrator_GenerateManifestAfterVersion","TestMigrator_GenerateManifestAfterVersion"
"Test cases for TestManagementResource_DeleteUser_DeleteUserError","672","TestManagementResource_DeleteUser_DeleteUserError","","Thu Jun 04 03:30:01 UTC 2026","passed","Thu Jun 04 03:30:02 UTC 2026","","Go Test","github.com/specterops/bloodhound/cmd/api/src/api/v2/auth/TestManagementResource_DeleteUser_DeleteUserError","TestManagementResource_DeleteUser_DeleteUserError"
"Test cases for TestResources_CreateSavedQuery_EmptyBody","0","TestResources_CreateSavedQuery_EmptyBody","","Thu Jun 04 03:29:39 UTC 2026","passed","Thu Jun 04 03:29:39 UTC 2026","","Go Test","github.com/specterops/bloodhound/cmd/api/src/api/v2/TestResources_CreateSavedQuery_EmptyBody","TestResources_CreateSavedQuery_EmptyBody"
"","415","should render","LoginForm","Thu Jun 04 03:35:29 UTC 2026","passed","Thu Jun 04 03:35:29 UTC 2026","","","",""
"","1","pwdlastset","Handling value formatting for Active Directory entity properties lastlogon, lastlogontimestamp, whencreated, and pwdlastset","Thu Jun 04 03:32:53 UTC 2026","passed","Thu Jun 04 03:32:53 UTC 2026","","","",""
"","32","should display hidden node label for hidden node","EntityInfoHeader","Thu Jun 04 03:34:29 UTC 2026","passed","Thu Jun 04 03:34:29 UTC 2026","","","",""
"Test cases for TestMarshalString","0","TestMarshalString","","Thu Jun 04 03:29:42 UTC 2026","passed","Thu Jun 04 03:29:42 UTC 2026","","Go Test","github.com/specterops/bloodhound/cmd/api/src/database/types/null/TestMarshalString","TestMarshalString"
"Test cases for Test_HarnessTeardown","0","Test_HarnessTeardown","","Thu Jun 04 03:29:57 UTC 2026","passed","Thu Jun 04 03:29:57 UTC 2026","","Go Test","github.com/specterops/bloodhound/packages/go/lab/Test_HarnessTeardown","Test_HarnessTeardown"
"Test cases for TestGetOrderForNeo4jQuery","0","TestGetOrderForNeo4jQuery","","Thu Jun 04 03:29:50 UTC 2026","passed","Thu Jun 04 03:29:50 UTC 2026","","Go Test","github.com/specterops/bloodhound/cmd/api/src/utils/TestGetOrderForNeo4jQuery","TestGetOrderForNeo4jQuery"
"","1","returns a function that can set arrays query params removes previous values set to that array query param","searchParams","Thu Jun 04 03:34:36 UTC 2026","passed","Thu Jun 04 03:34:36 UTC 2026","","setSingleParamFactory","",""
"","17","allows you to cancel filter updates before applying them to the url and reset to the default filter state","usePathfindingFilters","Thu Jun 04 03:35:34 UTC 2026","passed","Thu Jun 04 03:35:34 UTC 2026","","","",""
"","831","displays must be new password error messages when current password is the same as new password","PasswordDialog","Thu Jun 04 03:31:27 UTC 2026","passed","Thu Jun 04 03:31:28 UTC 2026","","","",""
"Test cases for Test_FixtureSetup","0","Test_FixtureSetup","","Thu Jun 04 03:29:57 UTC 2026","passed","Thu Jun 04 03:29:57 UTC 2026","","Go Test","github.com/specterops/bloodhound/packages/go/lab/Test_FixtureSetup","Test_FixtureSetup"
"","1136","should hide Environmental Targeted Access Control panel when showEnvironmentAccessControls prop is true and power user role is selected","CreateUserForm","Thu Jun 04 03:31:20 UTC 2026","passed","Thu Jun 04 03:31:21 UTC 2026","","","",""
"","59","adds a notification - checks values","AppNotifications","Thu Jun 04 03:34:51 UTC 2026","passed","Thu Jun 04 03:34:52 UTC 2026","","","",""
"","99","should display a total count of asset group members","AssetGroupEdit","Thu Jun 04 03:34:25 UTC 2026","passed","Thu Jun 04 03:34:25 UTC 2026","","","",""
"","98","disables items via itemDisabled and hides the chevron icon visually","<DetailsAccordion />","Thu Jun 04 03:32:44 UTC 2026","passed","Thu Jun 04 03:32:44 UTC 2026","","","",""
"","398","calls onToggleNodeLabels when click show all node labels","GraphControls","Thu Jun 04 03:30:58 UTC 2026","passed","Thu Jun 04 03:30:59 UTC 2026","","Toggling labels","",""
"Test cases for TestWriteBinaryResponse","0","TestWriteBinaryResponse","","Thu Jun 04 03:29:28 UTC 2026","passed","Thu Jun 04 03:29:28 UTC 2026","","Go Test","github.com/specterops/bloodhound/cmd/api/src/api/TestWriteBinaryResponse","TestWriteBinaryResponse"
"","299","navigates to all rules when clicking ""All Rules""","RulesAccordion","Thu Jun 04 03:34:06 UTC 2026","passed","Thu Jun 04 03:34:06 UTC 2026","","","",""
"Test cases for TestGetVersion","0","TestGetVersion","","Thu Jun 04 03:29:39 UTC 2026","passed","Thu Jun 04 03:29:39 UTC 2026","","Go Test","github.com/specterops/bloodhound/cmd/api/src/api/v2/TestGetVersion","TestGetVersion"
"","532","calls onSave without current password when requireCurrentPassword is false","PasswordDialog","Thu Jun 04 03:31:30 UTC 2026","passed","Thu Jun 04 03:31:30 UTC 2026","","","",""
"Test cases for TestGC_NewDataPruningDaemon","0","TestGC_NewDataPruningDaemon","","Thu Jun 04 03:29:40 UTC 2026","passed","Thu Jun 04 03:29:40 UTC 2026","","Go Test","github.com/specterops/bloodhound/cmd/api/src/daemons/gc/TestGC_NewDataPruningDaemon","TestGC_NewDataPruningDaemon"
"Test cases for TestInt64FromPtr","0","TestInt64FromPtr","","Thu Jun 04 03:29:42 UTC 2026","passed","Thu Jun 04 03:29:42 UTC 2026","","Go Test","github.com/specterops/bloodhound/cmd/api/src/database/types/null/TestInt64FromPtr","TestInt64FromPtr"
"","2","stores a string value in localStorage","useLocalStorage","Thu Jun 04 03:33:18 UTC 2026","passed","Thu Jun 04 03:33:18 UTC 2026","","setValue","",""
"","8008","filter selections are rolled back if user closes modal with the cancel button","EdgeFilter","Thu Jun 04 03:33:49 UTC 2026","passed","Thu Jun 04 03:33:57 UTC 2026","","","",""
"Test cases for TestMinMaxValidator","0","TestMinMaxValidator","","Thu Jun 04 03:29:51 UTC 2026","passed","Thu Jun 04 03:29:51 UTC 2026","","Go Test","github.com/specterops/bloodhound/cmd/api/src/utils/validation/TestMinMaxValidator","TestMinMaxValidator"
"Test cases for TestJSONFloat_MarshalJSON","0","TestJSONFloat_MarshalJSON","","Thu Jun 04 03:29:42 UTC 2026","passed","Thu Jun 04 03:29:42 UTC 2026","","Go Test","github.com/specterops/bloodhound/cmd/api/src/database/types/nan/TestJSONFloat_MarshalJSON","TestJSONFloat_MarshalJSON"
"","0","returns false for arrays with different object references","areArraysSimilar","Thu Jun 04 03:35:49 UTC 2026","passed","Thu Jun 04 03:35:49 UTC 2026","","","",""
"Test cases for TestFetchTenants","0","TestFetchTenants","","Thu Jun 04 03:29:55 UTC 2026","passed","Thu Jun 04 03:29:55 UTC 2026","","Go Test","github.com/specterops/bloodhound/packages/go/analysis/azure/TestFetchTenants","TestFetchTenants"
"Test cases for Test_parseLatestVersion","1","Test_parseLatestVersion","","Thu Jun 04 03:30:00 UTC 2026","passed","Thu Jun 04 03:30:00 UTC 2026","","Go Test","github.com/specterops/bloodhound/packages/go/stbernard/git/Test_parseLatestVersion","Test_parseLatestVersion"
"","887","renders the node in the entity panel when member is clicked","GroupManagement","Thu Jun 04 03:37:07 UTC 2026","passed","Thu Jun 04 03:37:08 UTC 2026","","","",""
"Test cases for TestResources_ListADUserSessions","0","TestResources_ListADUserSessions","","Thu Jun 04 03:29:38 UTC 2026","passed","Thu Jun 04 03:29:38 UTC 2026","","Go Test","github.com/specterops/bloodhound/cmd/api/src/api/v2/TestResources_ListADUserSessions","TestResources_ListADUserSessions"
"Test cases for Test_filterAndFormatSearchResults_filterEnvironments_tenantIDFail","0","Test_filterAndFormatSearchResults_filterEnvironments_tenantIDFail","","Thu Jun 04 03:29:38 UTC 2026","passed","Thu Jun 04 03:29:38 UTC 2026","","Go Test","github.com/specterops/bloodhound/cmd/api/src/api/v2/Test_filterAndFormatSearchResults_filterEnvironments_tenantIDFail","Test_filterAndFormatSearchResults_filterEnvironments_tenantIDFail"
"Test cases for TestDatabase_checkError_NotFound","0","TestDatabase_checkError_NotFound","","Thu Jun 04 03:29:41 UTC 2026","passed","Thu Jun 04 03:29:41 UTC 2026","","Go Test","github.com/specterops/bloodhound/cmd/api/src/database/TestDatabase_checkError_NotFound","TestDatabase_checkError_NotFound"
"Test cases for TestFeatureFlagManager","0","TestFeatureFlagManager","","Thu Jun 04 03:29:40 UTC 2026","passed","Thu Jun 04 03:29:40 UTC 2026","","Go Test","github.com/specterops/bloodhound/cmd/api/src/daemons/changelog/TestFeatureFlagManager","TestFeatureFlagManager"
"","236","displays expected results when searching by objectid","SearchCurrentNodes","Thu Jun 04 03:34:12 UTC 2026","passed","Thu Jun 04 03:34:12 UTC 2026","","","",""
"","0","returns false if value is +0","searchParams","Thu Jun 04 03:34:36 UTC 2026","passed","Thu Jun 04 03:34:36 UTC 2026","","isEmptyParam","",""
"Test cases for TestResources_ListADGPOAffectedComputers","0","TestResources_ListADGPOAffectedComputers","","Thu Jun 04 03:29:38 UTC 2026","passed","Thu Jun 04 03:29:38 UTC 2026","","Go Test","github.com/specterops/bloodhound/cmd/api/src/api/v2/TestResources_ListADGPOAffectedComputers","TestResources_ListADGPOAffectedComputers"
"","41","renders the title passed via title prop","ColumnHeaders","Thu Jun 04 03:33:54 UTC 2026","passed","Thu Jun 04 03:33:54 UTC 2026","","SortableHeader","",""
"","10","updates key in state","useObjectState","Thu Jun 04 03:35:25 UTC 2026","passed","Thu Jun 04 03:35:25 UTC 2026","","","",""
"Test cases for TestResources_ListADComputerSessions","0","TestResources_ListADComputerSessions","","Thu Jun 04 03:29:38 UTC 2026","passed","Thu Jun 04 03:29:38 UTC 2026","","Go Test","github.com/specterops/bloodhound/cmd/api/src/api/v2/TestResources_ListADComputerSessions","TestResources_ListADComputerSessions"
"Test cases for TestResources_ListADDomainOutboundTrusts","0","TestResources_ListADDomainOutboundTrusts","","Thu Jun 04 03:29:38 UTC 2026","passed","Thu Jun 04 03:29:38 UTC 2026","","Go Test","github.com/specterops/bloodhound/cmd/api/src/api/v2/TestResources_ListADDomainOutboundTrusts","TestResources_ListADDomainOutboundTrusts"
"Test cases for TestDatabase_NullUUID","0","TestDatabase_NullUUID","","Thu Jun 04 03:29:41 UTC 2026","passed","Thu Jun 04 03:29:41 UTC 2026","","Go Test","github.com/specterops/bloodhound/cmd/api/src/database/TestDatabase_NullUUID","TestDatabase_NullUUID"
"","172","has the correct value for the links in the breadcrumbs","Create Update pages","Thu Jun 04 03:35:08 UTC 2026","passed","Thu Jun 04 03:35:08 UTC 2026","","","",""
"","65","returns the full environment of the environmentId found in the search params","useAvailableEnvironments","Thu Jun 04 03:33:35 UTC 2026","passed","Thu Jun 04 03:33:35 UTC 2026","","useSelectedEnvironment","",""
"","164","fires onSelect prop when a result is clicked","SearchCurrentNodes","Thu Jun 04 03:34:13 UTC 2026","passed","Thu Jun 04 03:34:13 UTC 2026","","","",""
"","287","should call onClose when the Close button is clicked","UpsertSAMLProviderForm","Thu Jun 04 03:34:57 UTC 2026","passed","Thu Jun 04 03:34:57 UTC 2026","","","",""
"","853","renders a button and a menu","CreateMenu","Thu Jun 04 03:33:00 UTC 2026","passed","Thu Jun 04 03:33:01 UTC 2026","","oidc_support feature flag enabled","",""
"Test cases for TestEncodingInterface","0","TestEncodingInterface","","Thu Jun 04 03:29:55 UTC 2026","passed","Thu Jun 04 03:29:55 UTC 2026","","Go Test","github.com/specterops/bloodhound/packages/go/bomenc/TestEncodingInterface","TestEncodingInterface"
"","13","when there is no ID in the URL and no tags available, no ID is returned (it is undefined)","usePZQueryParams","Thu Jun 04 03:34:17 UTC 2026","passed","Thu Jun 04 03:34:17 UTC 2026","","","",""
"","260","handles creating a new label","Tag Form","Thu Jun 04 03:30:43 UTC 2026","passed","Thu Jun 04 03:30:44 UTC 2026","","","",""
"","439","sets a primarySearch=id and searchType=node when secondarySearch is falsey","ContextMenu","Thu Jun 04 03:36:57 UTC 2026","passed","Thu Jun 04 03:36:57 UTC 2026","","","",""
"Test cases for TestLoginFailure","0","TestLoginFailure","","Thu Jun 04 03:29:39 UTC 2026","passed","Thu Jun 04 03:29:39 UTC 2026","","Go Test","github.com/specterops/bloodhound/cmd/api/src/api/v2/auth/TestLoginFailure","TestLoginFailure"
"","767","sets exploreSearchTab param to cypher when the user clicks the `cypher` tab","ExploreSearch sets searchType on tab changing","Thu Jun 04 03:36:48 UTC 2026","passed","Thu Jun 04 03:36:49 UTC 2026","","","",""
"","13","throws when used outside of AnnouncementProvider","useAnnounce","Thu Jun 04 03:34:21 UTC 2026","passed","Thu Jun 04 03:34:21 UTC 2026","","","",""
"","2661","requires a password to disable MFA for a user when logged in without SSO","Users","Thu Jun 04 03:32:25 UTC 2026","passed","Thu Jun 04 03:32:28 UTC 2026","","","",""
"","274","should render the pathfinding search controls when searchType is pathfinding","ExploreSearch rendering per tab","Thu Jun 04 03:36:46 UTC 2026","passed","Thu Jun 04 03:36:46 UTC 2026","","","",""
"Test cases for TestUnmarshalNonIntegerNumber","0","TestUnmarshalNonIntegerNumber","","Thu Jun 04 03:29:42 UTC 2026","passed","Thu Jun 04 03:29:42 UTC 2026","","Go Test","github.com/specterops/bloodhound/cmd/api/src/database/types/null/TestUnmarshalNonIntegerNumber","TestUnmarshalNonIntegerNumber"
"Test cases for TestTimeValueOrZero","0","TestTimeValueOrZero","","Thu Jun 04 03:29:42 UTC 2026","passed","Thu Jun 04 03:29:42 UTC 2026","","Go Test","github.com/specterops/bloodhound/cmd/api/src/database/types/null/TestTimeValueOrZero","TestTimeValueOrZero"
"","2316","should allow user to create new SAML provder and then display it in the table","SSOConfiguration","Thu Jun 04 03:32:52 UTC 2026","passed","Thu Jun 04 03:32:54 UTC 2026","","","",""
"","0","returns paramValue as EnvironmentAggregation if paramValue is azure","useEnvironmentParams","Thu Jun 04 03:36:11 UTC 2026","passed","Thu Jun 04 03:36:11 UTC 2026","","parseEnvironmentAggregation","",""
"Test cases for TestMatches_FailureStatus","0","TestMatches_FailureStatus","","Thu Jun 04 03:29:43 UTC 2026","passed","Thu Jun 04 03:29:43 UTC 2026","","Go Test","github.com/specterops/bloodhound/cmd/api/src/model/TestMatches_FailureStatus","TestMatches_FailureStatus"
"","1","should return the edge parts from the key","getEdgeDataFromKey","Thu Jun 04 03:37:23 UTC 2026","passed","Thu Jun 04 03:37:23 UTC 2026","","","",""
"","1924","when user performs a pathfinding search, the selection for the start node is carried over to the `search` tab","ExploreSearch interaction","Thu Jun 04 03:36:51 UTC 2026","passed","Thu Jun 04 03:36:53 UTC 2026","","","",""
"","21","allows you to update the list of selected filters, only updating the url after calling the apply function","usePathfindingFilters","Thu Jun 04 03:35:34 UTC 2026","passed","Thu Jun 04 03:35:34 UTC 2026","","","",""
"","22","tag members refetches on environment change","the useAssetGroupTags utilities","Thu Jun 04 03:32:42 UTC 2026","passed","Thu Jun 04 03:32:42 UTC 2026","","","",""
"Test cases for TestResources_ListAvailableEnvironments","38","TestResources_ListAvailableEnvironments","","Thu Jun 04 03:29:39 UTC 2026","passed","Thu Jun 04 03:29:39 UTC 2026","","Go Test","github.com/specterops/bloodhound/cmd/api/src/api/v2/TestResources_ListAvailableEnvironments","TestResources_ListAvailableEnvironments"
"","1","EXTENDED ROUNDING with different thresholds","numberFormatting","Thu Jun 04 03:33:58 UTC 2026","passed","Thu Jun 04 03:33:58 UTC 2026","","","",""
"Test cases for TestExtractIngestFilesReturnsJSONFile","0","TestExtractIngestFilesReturnsJSONFile","","Thu Jun 04 03:29:46 UTC 2026","passed","Thu Jun 04 03:29:46 UTC 2026","","Go Test","github.com/specterops/bloodhound/cmd/api/src/services/graphify/TestExtractIngestFilesReturnsJSONFile","TestExtractIngestFilesReturnsJSONFile"
"","386","renders the Import Query Dialog","ImportQueryDialog","Thu Jun 04 03:36:03 UTC 2026","passed","Thu Jun 04 03:36:04 UTC 2026","","","",""
"","415","renders the popup content with run, edit/share, and delete when the menu trigger","ListItemActionMenu","Thu Jun 04 03:34:36 UTC 2026","passed","Thu Jun 04 03:34:37 UTC 2026","","","",""
"Test cases for TestResources_UpdateAssetGroupTagSelector","4","TestResources_UpdateAssetGroupTagSelector","","Thu Jun 04 03:29:38 UTC 2026","passed","Thu Jun 04 03:29:38 UTC 2026","","Go Test","github.com/specterops/bloodhound/cmd/api/src/api/v2/TestResources_UpdateAssetGroupTagSelector","TestResources_UpdateAssetGroupTagSelector"
"","1","handles environment with impactValue at exact threshold boundaries","filterAndSearchEnvironments","Thu Jun 04 03:31:05 UTC 2026","passed","Thu Jun 04 03:31:05 UTC 2026","","edge cases","",""
"","2929","should open edge filtering dialog","EdgeFilter","Thu Jun 04 03:33:40 UTC 2026","passed","Thu Jun 04 03:33:43 UTC 2026","","","",""
"","286","sums nested section node counts","EntityInfoDataTable","Thu Jun 04 03:32:32 UTC 2026","passed","Thu Jun 04 03:32:32 UTC 2026","","Node count for nested table that counts all sections","",""
"Test cases for TestTagScanner_NextTopLevelTag","0","TestTagScanner_NextTopLevelTag","","Thu Jun 04 03:29:48 UTC 2026","passed","Thu Jun 04 03:29:48 UTC 2026","","Go Test","github.com/specterops/bloodhound/cmd/api/src/services/upload/TestTagScanner_NextTopLevelTag","TestTagScanner_NextTopLevelTag"
"","302","disables any available button toggles if the user lacks the permission","EarlyAccessFeatures","Thu Jun 04 03:37:07 UTC 2026","passed","Thu Jun 04 03:37:08 UTC 2026","","","",""
"","0","combines collected and risk filters","filterAndSearchEnvironments","Thu Jun 04 03:31:05 UTC 2026","passed","Thu Jun 04 03:31:05 UTC 2026","","combined filters","",""
"","207","Hides selector information if additionalSections is false","EntityInfoDataTableList","Thu Jun 04 03:34:07 UTC 2026","passed","Thu Jun 04 03:34:08 UTC 2026","","","",""
"Test cases for TestInt64ValueOrZero","0","TestInt64ValueOrZero","","Thu Jun 04 03:29:42 UTC 2026","passed","Thu Jun 04 03:29:42 UTC 2026","","Go Test","github.com/specterops/bloodhound/cmd/api/src/database/types/null/TestInt64ValueOrZero","TestInt64ValueOrZero"
"","1204","a cypher search 404 does not render the GraphViewErrorAlert","GraphView","Thu Jun 04 03:36:38 UTC 2026","passed","Thu Jun 04 03:36:39 UTC 2026","","","",""
"","131","should have a disabled continue button","TagToZoneLabelDialog","Thu Jun 04 03:34:03 UTC 2026","passed","Thu Jun 04 03:34:03 UTC 2026","","","",""
"Test cases for TestDomainSelectors_GetFilterCriteria_Domain","0","TestDomainSelectors_GetFilterCriteria_Domain","","Thu Jun 04 03:29:43 UTC 2026","passed","Thu Jun 04 03:29:43 UTC 2026","","Go Test","github.com/specterops/bloodhound/cmd/api/src/model/TestDomainSelectors_GetFilterCriteria_Domain","TestDomainSelectors_GetFilterCriteria_Domain"
"","103","calls onClick when toggle button clicked","EarlyAccessFeatureToggle","Thu Jun 04 03:37:15 UTC 2026","passed","Thu Jun 04 03:37:16 UTC 2026","","","",""
"","367","displays a completion of 100% and adds a ""Close"" button that closes the dialog after a successful upload","SchemaUploadDialog","Thu Jun 04 03:32:17 UTC 2026","passed","Thu Jun 04 03:32:18 UTC 2026","","","",""
"Test cases for TestResources_GetContainerEntityInfo","283","TestResources_GetContainerEntityInfo","","Thu Jun 04 03:29:38 UTC 2026","passed","Thu Jun 04 03:29:39 UTC 2026","","Go Test","github.com/specterops/bloodhound/cmd/api/src/api/v2/TestResources_GetContainerEntityInfo","TestResources_GetContainerEntityInfo"
"Test cases for Test_sortAndSliceResults_sorting","0","Test_sortAndSliceResults_sorting","","Thu Jun 04 03:29:44 UTC 2026","passed","Thu Jun 04 03:29:44 UTC 2026","","Go Test","github.com/specterops/bloodhound/cmd/api/src/queries/Test_sortAndSliceResults_sorting","Test_sortAndSliceResults_sorting"
"","55","renders a button","CreateMenu","Thu Jun 04 03:33:02 UTC 2026","passed","Thu Jun 04 03:33:02 UTC 2026","","oidc_support feature flag disabled","",""
"","303","invalidates the extensions query after a successful upload","SchemaUploadDialog","Thu Jun 04 03:32:18 UTC 2026","passed","Thu Jun 04 03:32:18 UTC 2026","","","",""
"","412","should display correctly","DeleteConfirmationDialog","Thu Jun 04 03:35:39 UTC 2026","passed","Thu Jun 04 03:35:40 UTC 2026","","","",""
"","273","calls onLayoutChange with the selected layout","GraphControls","Thu Jun 04 03:31:01 UTC 2026","passed","Thu Jun 04 03:31:01 UTC 2026","","Selecting a layout","",""
"","0","returns false if value is 'array'","searchParams","Thu Jun 04 03:34:36 UTC 2026","passed","Thu Jun 04 03:34:36 UTC 2026","","isEmptyParam","",""
"Test cases for TestManagementResource_SAMLCallbackHandler","9","TestManagementResource_SAMLCallbackHandler","","Thu Jun 04 03:30:14 UTC 2026","passed","Thu Jun 04 03:30:14 UTC 2026","","Go Test","github.com/specterops/bloodhound/cmd/api/src/api/v2/auth/TestManagementResource_SAMLCallbackHandler","TestManagementResource_SAMLCallbackHandler"
"Test cases for TestExpireUserAuthSecret_Success","0","TestExpireUserAuthSecret_Success","","Thu Jun 04 03:29:45 UTC 2026","passed","Thu Jun 04 03:29:45 UTC 2026","","Go Test","github.com/specterops/bloodhound/cmd/api/src/api/v2/auth/TestExpireUserAuthSecret_Success","TestExpireUserAuthSecret_Success"
"","130","should fire Confirm once with true","ConfirmationDialog","Thu Jun 04 03:35:59 UTC 2026","passed","Thu Jun 04 03:35:59 UTC 2026","","","",""
"","61","renders the Cypher Rules Panel when clicking the Rule Tab","Selected Details Tab Content","Thu Jun 04 03:35:21 UTC 2026","passed","Thu Jun 04 03:35:21 UTC 2026","","","",""
"","64","returns false on 404","useGraphHasData","Thu Jun 04 03:35:37 UTC 2026","passed","Thu Jun 04 03:35:38 UTC 2026","","","",""
"","368","Toggles node and edge labels on/off depending on their existing state","GraphControls","Thu Jun 04 03:31:00 UTC 2026","passed","Thu Jun 04 03:31:01 UTC 2026","","Toggling labels","",""
"","10","live regions have aria-atomic set to true","AnnouncementProvider","Thu Jun 04 03:34:21 UTC 2026","passed","Thu Jun 04 03:34:21 UTC 2026","","","",""
"Test cases for TestResources_DeleteSavedQuery_DBError","0","TestResources_DeleteSavedQuery_DBError","","Thu Jun 04 03:29:39 UTC 2026","passed","Thu Jun 04 03:29:39 UTC 2026","","Go Test","github.com/specterops/bloodhound/cmd/api/src/api/v2/TestResources_DeleteSavedQuery_DBError","TestResources_DeleteSavedQuery_DBError"
"","11","adds new key to state","useObjectState","Thu Jun 04 03:35:25 UTC 2026","passed","Thu Jun 04 03:35:25 UTC 2026","","","",""
"","74","should on clicking remove call clearSelectedItem","EntityInfoHeader","Thu Jun 04 03:34:29 UTC 2026","passed","Thu Jun 04 03:34:29 UTC 2026","","","",""
"Test cases for TestGC_Name","1","TestGC_Name","","Thu Jun 04 03:29:40 UTC 2026","passed","Thu Jun 04 03:29:40 UTC 2026","","Go Test","github.com/specterops/bloodhound/cmd/api/src/daemons/gc/TestGC_Name","TestGC_Name"
"","438","should render","LoginViaSSOForm","Thu Jun 04 03:34:33 UTC 2026","passed","Thu Jun 04 03:34:34 UTC 2026","","","",""
"","0","isError returns as expected based on all queries combined","queriesAreLoadingOrErrored","Thu Jun 04 03:36:12 UTC 2026","passed","Thu Jun 04 03:36:12 UTC 2026","","","",""
"Test cases for TestService","0","TestService","","Thu Jun 04 03:29:45 UTC 2026","passed","Thu Jun 04 03:29:45 UTC 2026","","Go Test","github.com/specterops/bloodhound/cmd/api/src/services/dogtags/TestService","TestService"
"","155","Disable Analyze Now and change to Analyzing if datapipe status is different from ""idle""","AnalyzeNowConfiguration","Thu Jun 04 03:33:19 UTC 2026","passed","Thu Jun 04 03:33:19 UTC 2026","","","",""
"","2518","search highlights matching substring with text-link class","Pathfinding","Thu Jun 04 03:32:07 UTC 2026","passed","Thu Jun 04 03:32:10 UTC 2026","","","",""
"","614","Expand button causes table to expand to full height","ExploreTable","Thu Jun 04 03:30:41 UTC 2026","passed","Thu Jun 04 03:30:42 UTC 2026","","","",""
"Test cases for TestContextMiddleware","3","TestContextMiddleware","","Thu Jun 04 03:29:32 UTC 2026","passed","Thu Jun 04 03:29:32 UTC 2026","","Go Test","github.com/specterops/bloodhound/cmd/api/src/api/middleware/TestContextMiddleware","TestContextMiddleware"
"Test cases for TestResources_ListADDomainInboundTrusts","1","TestResources_ListADDomainInboundTrusts","","Thu Jun 04 03:29:38 UTC 2026","passed","Thu Jun 04 03:29:38 UTC 2026","","Go Test","github.com/specterops/bloodhound/cmd/api/src/api/v2/TestResources_ListADDomainInboundTrusts","TestResources_ListADDomainInboundTrusts"
"","85","has a button with text Clear Filters","AssetGroupEdit","Thu Jun 04 03:33:00 UTC 2026","passed","Thu Jun 04 03:33:00 UTC 2026","","Clear Filters button","",""
"","814","should call onSubmit when input is valid and Submit button is clicked","UpsertSAMLProviderForm","Thu Jun 04 03:34:57 UTC 2026","passed","Thu Jun 04 03:34:58 UTC 2026","","","",""
"","6","displays a pulsing indicator","StatusIndicator","Thu Jun 04 03:36:03 UTC 2026","passed","Thu Jun 04 03:36:03 UTC 2026","","","",""
"Test cases for TestGenericMap","0","TestGenericMap","","Thu Jun 04 03:29:50 UTC 2026","passed","Thu Jun 04 03:29:50 UTC 2026","","Go Test","github.com/specterops/bloodhound/cmd/api/src/utils/TestGenericMap","TestGenericMap"
"","0","returns Cypher message when ruleType is SeedTypeCypher and seeds are required","getErrorMessage","Thu Jun 04 03:32:20 UTC 2026","passed","Thu Jun 04 03:32:20 UTC 2026","","","",""
"","101","should display locally formatted numbers if they are larger than 999","LoadContainer","Thu Jun 04 03:36:20 UTC 2026","passed","Thu Jun 04 03:36:20 UTC 2026","","","",""
"","1","uppercases boolean values","Formatting boolean properties","Thu Jun 04 03:32:53 UTC 2026","passed","Thu Jun 04 03:32:53 UTC 2026","","","",""
"Test cases for TestNodeNamePrefix_AppendSuffix","0","TestNodeNamePrefix_AppendSuffix","","Thu Jun 04 03:29:55 UTC 2026","passed","Thu Jun 04 03:29:55 UTC 2026","","Go Test","github.com/specterops/bloodhound/packages/go/analysis/ad/wellknown/TestNodeNamePrefix_AppendSuffix","TestNodeNamePrefix_AppendSuffix"
"","403","sets a primarySearch=id and searchType=node when secondarySearch is falsey","ContextMenu","Thu Jun 04 03:32:39 UTC 2026","passed","Thu Jun 04 03:32:40 UTC 2026","","","",""
"","289","The reset password and two-factor authentication options should not appear in profile page if the user is configured for SAML login","UserProfile with SSO User","Thu Jun 04 03:33:11 UTC 2026","passed","Thu Jun 04 03:33:12 UTC 2026","","","",""
"","0","`undefined` input is provided","Parsing the debounced input for type and keyword values","Thu Jun 04 03:34:30 UTC 2026","passed","Thu Jun 04 03:34:30 UTC 2026","","","",""
"","109","should display the logged in user's email address","UserProfile","Thu Jun 04 03:33:12 UTC 2026","passed","Thu Jun 04 03:33:12 UTC 2026","","","",""
"","11","when password is not expired no redirect occurs","AuthenticatedRoute","Thu Jun 04 03:37:08 UTC 2026","passed","Thu Jun 04 03:37:08 UTC 2026","","","",""
"Test cases for TestArgon2_Digest","0","TestArgon2_Digest","","Thu Jun 04 03:29:56 UTC 2026","passed","Thu Jun 04 03:29:56 UTC 2026","","Go Test","github.com/specterops/bloodhound/packages/go/crypto/TestArgon2_Digest","TestArgon2_Digest"
"Test cases for TestConvertAzureSubscriptionContributorToRels","0","TestConvertAzureSubscriptionContributorToRels","","Thu Jun 04 03:29:56 UTC 2026","passed","Thu Jun 04 03:29:56 UTC 2026","","Go Test","github.com/specterops/bloodhound/packages/go/ein/TestConvertAzureSubscriptionContributorToRels","TestConvertAzureSubscriptionContributorToRels"
"Test cases for TestFloatScan","0","TestFloatScan","","Thu Jun 04 03:29:42 UTC 2026","passed","Thu Jun 04 03:29:42 UTC 2026","","Go Test","github.com/specterops/bloodhound/cmd/api/src/database/types/null/TestFloatScan","TestFloatScan"
"","13","shows date placeholder if no hint is given","ManagedDatePicker - placeholders","Thu Jun 04 03:33:53 UTC 2026","passed","Thu Jun 04 03:33:53 UTC 2026","","","",""
"","273","renders an interactive version when preview is set to false","PrivilegeZonesCypherEditor Search component for Zone Management","Thu Jun 04 03:35:03 UTC 2026","passed","Thu Jun 04 03:35:03 UTC 2026","","","",""
"","2","The data is loading","Getting the text for the disabled item display for a search when there are no results","Thu Jun 04 03:34:30 UTC 2026","passed","Thu Jun 04 03:34:30 UTC 2026","","Loading states","",""
"","9","returns the remaining amount of zones available for creation","useTagLimits","Thu Jun 04 03:31:28 UTC 2026","passed","Thu Jun 04 03:31:28 UTC 2026","","","",""
"","1065","renders the form for editing an existing rule","Rule Form","Thu Jun 04 03:31:00 UTC 2026","passed","Thu Jun 04 03:31:01 UTC 2026","","","",""
"","55","shows the direct object list and expanded object list empty, when only direct objects in results","Seed Selection Results","Thu Jun 04 03:32:39 UTC 2026","passed","Thu Jun 04 03:32:39 UTC 2026","","","",""
"Test cases for TestUnmarshalNonIntegerNumberToInt64","0","TestUnmarshalNonIntegerNumberToInt64","","Thu Jun 04 03:29:42 UTC 2026","passed","Thu Jun 04 03:29:42 UTC 2026","","Go Test","github.com/specterops/bloodhound/cmd/api/src/database/types/null/TestUnmarshalNonIntegerNumberToInt64","TestUnmarshalNonIntegerNumberToInt64"
"","814","filling in the name value allows updating the rule and navigates back to the details page","Rule Form","Thu Jun 04 03:31:04 UTC 2026","passed","Thu Jun 04 03:31:05 UTC 2026","","","",""
"Test cases for TestQueries_GetEntityResults","0","TestQueries_GetEntityResults","","Thu Jun 04 03:29:44 UTC 2026","passed","Thu Jun 04 03:29:44 UTC 2026","","Go Test","github.com/specterops/bloodhound/cmd/api/src/queries/TestQueries_GetEntityResults","TestQueries_GetEntityResults"
"","1","does not change the day, month, or year value of the DateTime object","floorToNearestMinute","Thu Jun 04 03:35:26 UTC 2026","passed","Thu Jun 04 03:35:26 UTC 2026","","","",""
"Test cases for TestUnique","0","TestUnique","","Thu Jun 04 03:29:57 UTC 2026","passed","Thu Jun 04 03:29:57 UTC 2026","","Go Test","github.com/specterops/bloodhound/packages/go/slicesext/TestUnique","TestUnique"
"","91","should display the logged in user's full name","UserProfile","Thu Jun 04 03:33:12 UTC 2026","passed","Thu Jun 04 03:33:12 UTC 2026","","","",""
"Test cases for TestManagementResource_SanitizeAndGetRoles","0","TestManagementResource_SanitizeAndGetRoles","","Thu Jun 04 03:30:14 UTC 2026","passed","Thu Jun 04 03:30:14 UTC 2026","","Go Test","github.com/specterops/bloodhound/cmd/api/src/api/v2/auth/TestManagementResource_SanitizeAndGetRoles","TestManagementResource_SanitizeAndGetRoles"
"Test cases for TestConvertAzureRoleEligibilityScheduleInstanceToRel","0","TestConvertAzureRoleEligibilityScheduleInstanceToRel","","Thu Jun 04 03:29:56 UTC 2026","passed","Thu Jun 04 03:29:56 UTC 2026","","Go Test","github.com/specterops/bloodhound/packages/go/ein/TestConvertAzureRoleEligibilityScheduleInstanceToRel","TestConvertAzureRoleEligibilityScheduleInstanceToRel"
"","51","does not auto display the table for single node responses with no edges","GraphView","Thu Jun 04 03:36:44 UTC 2026","passed","Thu Jun 04 03:36:44 UTC 2026","","Layout selection and de-selection","",""
"Test cases for TestParseDomainTrusts_TrustAttributes","0","TestParseDomainTrusts_TrustAttributes","","Thu Jun 04 03:29:56 UTC 2026","passed","Thu Jun 04 03:29:56 UTC 2026","","Go Test","github.com/specterops/bloodhound/packages/go/ein/TestParseDomainTrusts_TrustAttributes","TestParseDomainTrusts_TrustAttributes"
"","478","toggles a source kind off from all selected nested graph data options","GraphDataCheckboxes","Thu Jun 04 03:32:10 UTC 2026","passed","Thu Jun 04 03:32:11 UTC 2026","","","",""
"","0","shows some collection methods for the given job","toCollected","Thu Jun 04 03:35:46 UTC 2026","passed","Thu Jun 04 03:35:46 UTC 2026","","","",""
"Test cases for TestDefaultRateLimitMiddleware","1","TestDefaultRateLimitMiddleware","","Thu Jun 04 03:29:32 UTC 2026","passed","Thu Jun 04 03:29:32 UTC 2026","","Go Test","github.com/specterops/bloodhound/cmd/api/src/api/middleware/TestDefaultRateLimitMiddleware","TestDefaultRateLimitMiddleware"
"","258","does not auto-display the table for a node-only cypher response when the user has already selected a graph layout","GraphView","Thu Jun 04 03:36:44 UTC 2026","passed","Thu Jun 04 03:36:44 UTC 2026","","Layout selection and de-selection","",""
"","890","renders group and tenant dropdown selectors","GroupManagement","Thu Jun 04 03:37:04 UTC 2026","passed","Thu Jun 04 03:37:05 UTC 2026","","","",""
"Test cases for TestDisenrollMFA_Success","670","TestDisenrollMFA_Success","","Thu Jun 04 03:30:07 UTC 2026","passed","Thu Jun 04 03:30:08 UTC 2026","","Go Test","github.com/specterops/bloodhound/cmd/api/src/api/v2/auth/TestDisenrollMFA_Success","TestDisenrollMFA_Success"
"Test cases for Test_filterAndFormatSearchResults_filterEnvironments","0","Test_filterAndFormatSearchResults_filterEnvironments","","Thu Jun 04 03:29:38 UTC 2026","passed","Thu Jun 04 03:29:38 UTC 2026","","Go Test","github.com/specterops/bloodhound/cmd/api/src/api/v2/Test_filterAndFormatSearchResults_filterEnvironments","Test_filterAndFormatSearchResults_filterEnvironments"
"","389","calls openOIDCProviderDialog when OIDC Provider menu item is clicked","CreateMenu","Thu Jun 04 03:33:01 UTC 2026","passed","Thu Jun 04 03:33:02 UTC 2026","","oidc_support feature flag enabled","",""
"Test cases for TestRoleAssignments_NodesWithRole","0","TestRoleAssignments_NodesWithRole","","Thu Jun 04 03:29:55 UTC 2026","passed","Thu Jun 04 03:29:55 UTC 2026","","Go Test","github.com/specterops/bloodhound/packages/go/analysis/azure/TestRoleAssignments_NodesWithRole","TestRoleAssignments_NodesWithRole"
"","104","clicking a disabled header does not toggle content","<DetailsAccordion />","Thu Jun 04 03:32:44 UTC 2026","passed","Thu Jun 04 03:32:44 UTC 2026","","","",""
"Test cases for TestKeyEncoder_Key_Deterministic","0","TestKeyEncoder_Key_Deterministic","","Thu Jun 04 03:29:55 UTC 2026","passed","Thu Jun 04 03:29:55 UTC 2026","","Go Test","github.com/specterops/bloodhound/packages/go/analysis/post/TestKeyEncoder_Key_Deterministic","TestKeyEncoder_Key_Deterministic"
"","47","should render oidc info provider","SSOProviderTable","Thu Jun 04 03:34:37 UTC 2026","passed","Thu Jun 04 03:34:37 UTC 2026","","","",""
"Test cases for TestLoginResource_Logout","6","TestLoginResource_Logout","","Thu Jun 04 03:30:14 UTC 2026","passed","Thu Jun 04 03:30:14 UTC 2026","","Go Test","github.com/specterops/bloodhound/cmd/api/src/api/v2/auth/TestLoginResource_Logout","TestLoginResource_Logout"
"","4703","Clicking on a row causes row to be selected","ExploreTable","Thu Jun 04 03:30:50 UTC 2026","passed","Thu Jun 04 03:30:55 UTC 2026","","","",""
"","551","should reject passwords where only a space is used as the special character","CreateUserForm","Thu Jun 04 03:31:24 UTC 2026","passed","Thu Jun 04 03:31:24 UTC 2026","","","",""
"","76","when `selectedItem` is null, the combobox does not display an icon","icon rendering","Thu Jun 04 03:33:00 UTC 2026","passed","Thu Jun 04 03:33:00 UTC 2026","","","",""
"Test cases for TestResources_ListSavedQueries","36","TestResources_ListSavedQueries","","Thu Jun 04 03:29:39 UTC 2026","passed","Thu Jun 04 03:29:39 UTC 2026","","Go Test","github.com/specterops/bloodhound/cmd/api/src/api/v2/TestResources_ListSavedQueries","TestResources_ListSavedQueries"
"","65","Searching for custom node type with databaseId returns node properties","useFetchEntityInfo","Thu Jun 04 03:33:46 UTC 2026","passed","Thu Jun 04 03:33:46 UTC 2026","","","",""
"","2","updates state when an external storage event is fired for the same key","useLocalStorage","Thu Jun 04 03:33:18 UTC 2026","passed","Thu Jun 04 03:33:18 UTC 2026","","storage event synchronisation","",""
"Test cases for TestResources_ListCAPKIHierarchy","0","TestResources_ListCAPKIHierarchy","","Thu Jun 04 03:29:38 UTC 2026","passed","Thu Jun 04 03:29:38 UTC 2026","","Go Test","github.com/specterops/bloodhound/cmd/api/src/api/v2/TestResources_ListCAPKIHierarchy","TestResources_ListCAPKIHierarchy"
"","442","should not allow leading or trailing empty spaces","CreateUserForm","Thu Jun 04 03:31:18 UTC 2026","passed","Thu Jun 04 03:31:19 UTC 2026","","","",""
"","810","handles adding to tier zero asset group","AssetGroupMenuItem","Thu Jun 04 03:36:37 UTC 2026","passed","Thu Jun 04 03:36:38 UTC 2026","","adding to an asset group","",""
"","43","sets input text to value","ManagedDatePicker - value","Thu Jun 04 03:33:53 UTC 2026","passed","Thu Jun 04 03:33:53 UTC 2026","","","",""
"","272","calls onToggleEdgeLabels when click show all edge labels","GraphControls","Thu Jun 04 03:30:59 UTC 2026","passed","Thu Jun 04 03:30:59 UTC 2026","","Toggling labels","",""
"","213","should display a toggle switch to enable multi-factor authentication","UserProfile","Thu Jun 04 03:33:13 UTC 2026","passed","Thu Jun 04 03:33:13 UTC 2026","","","",""
"","207","should display ""Create Token"" button","UserTokenManagementDialog","Thu Jun 04 03:32:36 UTC 2026","passed","Thu Jun 04 03:32:36 UTC 2026","","","",""
"","482","displays a “Disable query timeout” checkbox when timeout limit param config is enabled false","ExploreSearch interaction","Thu Jun 04 03:36:53 UTC 2026","passed","Thu Jun 04 03:36:53 UTC 2026","","","",""
"Test cases for TestParseLimitQueryParameter_BadFormat","0","TestParseLimitQueryParameter_BadFormat","","Thu Jun 04 03:29:39 UTC 2026","passed","Thu Jun 04 03:29:39 UTC 2026","","Go Test","github.com/specterops/bloodhound/cmd/api/src/api/v2/TestParseLimitQueryParameter_BadFormat","TestParseLimitQueryParameter_BadFormat"
"","210","onCancel is called when cancel is clicked","Enable2FADialog","Thu Jun 04 03:33:58 UTC 2026","passed","Thu Jun 04 03:33:58 UTC 2026","","","",""
"Test cases for TestFloatSetValid","0","TestFloatSetValid","","Thu Jun 04 03:29:42 UTC 2026","passed","Thu Jun 04 03:29:42 UTC 2026","","Go Test","github.com/specterops/bloodhound/cmd/api/src/database/types/null/TestFloatSetValid","TestFloatSetValid"
"","66","returns the full environment for the environmentid passed","useAvailableEnvironments","Thu Jun 04 03:33:35 UTC 2026","passed","Thu Jun 04 03:33:35 UTC 2026","","useSelectedEnvironment","",""
"","355","displays 0 when a given sections returns empty, and sums the rest of the sections correctly","EntityInfoDataTableGraphed","Thu Jun 04 03:33:09 UTC 2026","passed","Thu Jun 04 03:33:09 UTC 2026","","Node count for nested table that counts all sections","",""
"","115","should display the ""My Profile"" title","UserProfile","Thu Jun 04 03:33:12 UTC 2026","passed","Thu Jun 04 03:33:12 UTC 2026","","","",""
"","58","renders section when no errors occur","EntityInfoCollapsibleSection","Thu Jun 04 03:35:40 UTC 2026","passed","Thu Jun 04 03:35:40 UTC 2026","","","",""
"","4","succeeds for valid password","testPassword","Thu Jun 04 03:36:11 UTC 2026","passed","Thu Jun 04 03:36:11 UTC 2026","","","",""
"Test cases for TestQueries_BuildEntityQueryParams","0","TestQueries_BuildEntityQueryParams","","Thu Jun 04 03:29:44 UTC 2026","passed","Thu Jun 04 03:29:44 UTC 2026","","Go Test","github.com/specterops/bloodhound/cmd/api/src/queries/TestQueries_BuildEntityQueryParams","TestQueries_BuildEntityQueryParams"
"Test cases for TestHandleDatabaseError","0","TestHandleDatabaseError","","Thu Jun 04 03:29:28 UTC 2026","passed","Thu Jun 04 03:29:28 UTC 2026","","Go Test","github.com/specterops/bloodhound/cmd/api/src/api/TestHandleDatabaseError","TestHandleDatabaseError"
"","10","returns when label limit is reached","useTagLimits","Thu Jun 04 03:31:28 UTC 2026","passed","Thu Jun 04 03:31:28 UTC 2026","","","",""
"","0","should return true when value partially matches term","compareTerm","Thu Jun 04 03:35:07 UTC 2026","passed","Thu Jun 04 03:35:07 UTC 2026","","","",""
"","0","returns disabled if relationshipQueryItemId does not have a matching sourceId, edgeType, targetId","useExploreGraph","Thu Jun 04 03:32:07 UTC 2026","passed","Thu Jun 04 03:32:07 UTC 2026","composition search queries","exploreGraphQueryFactory","",""
"Test cases for TestNewAuditLog","0","TestNewAuditLog","","Thu Jun 04 03:29:41 UTC 2026","passed","Thu Jun 04 03:29:41 UTC 2026","","Go Test","github.com/specterops/bloodhound/cmd/api/src/database/TestNewAuditLog","TestNewAuditLog"
"","384","opens the dropdown when the Columns button is clicked","ManageColumnsComboBox","Thu Jun 04 03:32:46 UTC 2026","passed","Thu Jun 04 03:32:47 UTC 2026","","","",""
"","4094","checking a single edge type updates its parent and grandparent","Pathfinding","Thu Jun 04 03:31:50 UTC 2026","passed","Thu Jun 04 03:31:54 UTC 2026","","","",""
"","62","does not render when ruleId is empty","Delete Selector Button rendering","Thu Jun 04 03:35:50 UTC 2026","passed","Thu Jun 04 03:35:51 UTC 2026","","","",""
"","11","should handle special characters","HighlightedText","Thu Jun 04 03:35:25 UTC 2026","passed","Thu Jun 04 03:35:25 UTC 2026","","","",""
"","200","calls clickHandler when a line item is clicked","PrebuiltSearchList","Thu Jun 04 03:34:00 UTC 2026","passed","Thu Jun 04 03:34:00 UTC 2026","","","",""
"Test cases for TestManagementResource_DeleteUser_UserBhCtxNotFound","0","TestManagementResource_DeleteUser_UserBhCtxNotFound","","Thu Jun 04 03:30:01 UTC 2026","passed","Thu Jun 04 03:30:01 UTC 2026","","Go Test","github.com/specterops/bloodhound/cmd/api/src/api/v2/auth/TestManagementResource_DeleteUser_UserBhCtxNotFound","TestManagementResource_DeleteUser_UserBhCtxNotFound"
"Test cases for TestDatabaseWipe","8","TestDatabaseWipe","","Thu Jun 04 03:29:38 UTC 2026","passed","Thu Jun 04 03:29:38 UTC 2026","","Go Test","github.com/specterops/bloodhound/cmd/api/src/api/v2/TestDatabaseWipe","TestDatabaseWipe"
"","746","triggers a file download when a download button is clicked","DownloadCollectors","Thu Jun 04 03:36:57 UTC 2026","passed","Thu Jun 04 03:36:58 UTC 2026","","","",""
"","139","Verify Vault Reader count is the count returned by All Readers","EntityInfoDataTable","Thu Jun 04 03:32:33 UTC 2026","passed","Thu Jun 04 03:32:33 UTC 2026","","Node count for Vault Readers nested table","",""
"Test cases for Test_GetAssetGroupMembersByTag","16","Test_GetAssetGroupMembersByTag","","Thu Jun 04 03:29:38 UTC 2026","passed","Thu Jun 04 03:29:38 UTC 2026","","Go Test","github.com/specterops/bloodhound/cmd/api/src/api/v2/Test_GetAssetGroupMembersByTag","Test_GetAssetGroupMembersByTag"
"Test cases for TestDomainSelectors_GetFilterCriteria_Success_Empty","0","TestDomainSelectors_GetFilterCriteria_Success_Empty","","Thu Jun 04 03:29:43 UTC 2026","passed","Thu Jun 04 03:29:43 UTC 2026","","Go Test","github.com/specterops/bloodhound/cmd/api/src/model/TestDomainSelectors_GetFilterCriteria_Success_Empty","TestDomainSelectors_GetFilterCriteria_Success_Empty"
"Test cases for TestResources_ShareSavedQueriesPermissions_Admin","0","TestResources_ShareSavedQueriesPermissions_Admin","","Thu Jun 04 03:29:39 UTC 2026","passed","Thu Jun 04 03:29:39 UTC 2026","","Go Test","github.com/specterops/bloodhound/cmd/api/src/api/v2/TestResources_ShareSavedQueriesPermissions_Admin","TestResources_ShareSavedQueriesPermissions_Admin"
"","3","A warning is printed when node positions are not available to apply from","applyNodePositionsFromGraphlibGraph","Thu Jun 04 03:37:09 UTC 2026","passed","Thu Jun 04 03:37:09 UTC 2026","","","",""
"Test cases for Test_UseFixture","0","Test_UseFixture","","Thu Jun 04 03:29:57 UTC 2026","passed","Thu Jun 04 03:29:57 UTC 2026","","Go Test","github.com/specterops/bloodhound/packages/go/lab/Test_UseFixture","Test_UseFixture"
"","81","does not render the analysis toggle when multi tier analysis enabled is false","Tag Form","Thu Jun 04 03:30:42 UTC 2026","passed","Thu Jun 04 03:30:42 UTC 2026","","","",""
"","494","closes confirmation dialog when cancel is clicked","ActiveExtensionsCard","Thu Jun 04 03:31:12 UTC 2026","passed","Thu Jun 04 03:31:13 UTC 2026","","","",""
"Test cases for TestResources_CancelAnalysisRequest","191","TestResources_CancelAnalysisRequest","","Thu Jun 04 03:29:38 UTC 2026","passed","Thu Jun 04 03:29:39 UTC 2026","","Go Test","github.com/specterops/bloodhound/cmd/api/src/api/v2/TestResources_CancelAnalysisRequest","TestResources_CancelAnalysisRequest"
"Test cases for TestResources_GetComputerEntityInfo","0","TestResources_GetComputerEntityInfo","","Thu Jun 04 03:29:38 UTC 2026","passed","Thu Jun 04 03:29:38 UTC 2026","","Go Test","github.com/specterops/bloodhound/cmd/api/src/api/v2/TestResources_GetComputerEntityInfo","TestResources_GetComputerEntityInfo"
"Test cases for TestSignRequestValuesSuccess","0","TestSignRequestValuesSuccess","","Thu Jun 04 03:29:27 UTC 2026","passed","Thu Jun 04 03:29:27 UTC 2026","","Go Test","github.com/specterops/bloodhound/cmd/api/src/api/TestSignRequestValuesSuccess","TestSignRequestValuesSuccess"
"Test cases for TestWriteResponseWrapperWithTimeWindowAndPagination","0","TestWriteResponseWrapperWithTimeWindowAndPagination","","Thu Jun 04 03:29:28 UTC 2026","passed","Thu Jun 04 03:29:28 UTC 2026","","Go Test","github.com/specterops/bloodhound/cmd/api/src/api/TestWriteResponseWrapperWithTimeWindowAndPagination","TestWriteResponseWrapperWithTimeWindowAndPagination"
"","0","combines platform and collected filters","filterAndSearchEnvironments","Thu Jun 04 03:31:05 UTC 2026","passed","Thu Jun 04 03:31:05 UTC 2026","","combined filters","",""
"","236","handles creating a new zone","Tag Form","Thu Jun 04 03:30:43 UTC 2026","passed","Thu Jun 04 03:30:43 UTC 2026","","","",""
"Test cases for TestGetPageParamsForGraphQuery","0","TestGetPageParamsForGraphQuery","","Thu Jun 04 03:29:50 UTC 2026","passed","Thu Jun 04 03:29:50 UTC 2026","","Go Test","github.com/specterops/bloodhound/cmd/api/src/utils/TestGetPageParamsForGraphQuery","TestGetPageParamsForGraphQuery"
"Test cases for TestManagementResource_ListUsers_InvalidFilterPredicate","1","TestManagementResource_ListUsers_InvalidFilterPredicate","","Thu Jun 04 03:29:45 UTC 2026","passed","Thu Jun 04 03:29:45 UTC 2026","","Go Test","github.com/specterops/bloodhound/cmd/api/src/api/v2/auth/TestManagementResource_ListUsers_InvalidFilterPredicate","TestManagementResource_ListUsers_InvalidFilterPredicate"
"","182","renders with a title","BloodHoundConfiguration","Thu Jun 04 03:37:28 UTC 2026","passed","Thu Jun 04 03:37:28 UTC 2026","","","",""
"","68","returns a list of the users current permissions","usePermissions","Thu Jun 04 03:33:05 UTC 2026","passed","Thu Jun 04 03:33:05 UTC 2026","","","",""
"","280","should render a single section with a single navigation item","SubNav","Thu Jun 04 03:34:57 UTC 2026","passed","Thu Jun 04 03:34:58 UTC 2026","","","",""
"Test cases for TestGetAzureDataQualityStats_Failure","0","TestGetAzureDataQualityStats_Failure","","Thu Jun 04 03:29:38 UTC 2026","passed","Thu Jun 04 03:29:38 UTC 2026","","Go Test","github.com/specterops/bloodhound/cmd/api/src/api/v2/TestGetAzureDataQualityStats_Failure","TestGetAzureDataQualityStats_Failure"
"","146","should call onCancel when return to login button clicked","PasswordResetForm","Thu Jun 04 03:33:42 UTC 2026","passed","Thu Jun 04 03:33:42 UTC 2026","","","",""
"","1722","does not show the ""Disable MFA"" context menu option for users without MFA enabled","Users","Thu Jun 04 03:32:21 UTC 2026","passed","Thu Jun 04 03:32:23 UTC 2026","","","",""
"Test cases for TestValidateRequestSignature","374","TestValidateRequestSignature","","Thu Jun 04 03:29:27 UTC 2026","passed","Thu Jun 04 03:29:28 UTC 2026","","Go Test","github.com/specterops/bloodhound/cmd/api/src/api/TestValidateRequestSignature","TestValidateRequestSignature"
"Copyright 2021 The Go Authors. All rights reserved.TestConcat was ripped from go1.22 source and should be replaced with the stdlib implementation when we move to 1.22Original source: https:","3","TestConcat","","Thu Jun 04 03:29:57 UTC 2026","passed","Thu Jun 04 03:29:57 UTC 2026","","Go Test","github.com/specterops/bloodhound/packages/go/slicesext/TestConcat","TestConcat"
"Test cases for TestResources_CreateSavedQuery_DuplicateName","1","TestResources_CreateSavedQuery_DuplicateName","","Thu Jun 04 03:29:39 UTC 2026","passed","Thu Jun 04 03:29:39 UTC 2026","","Go Test","github.com/specterops/bloodhound/cmd/api/src/api/v2/TestResources_CreateSavedQuery_DuplicateName","TestResources_CreateSavedQuery_DuplicateName"
"","248","a name value is required to submit the form","Rule Form","Thu Jun 04 03:31:04 UTC 2026","passed","Thu Jun 04 03:31:04 UTC 2026","","","",""
"","0","returns a function that takes a key found in updatedParams and updates the searchParams with that matching value from updatedParams","searchParams","Thu Jun 04 03:34:36 UTC 2026","passed","Thu Jun 04 03:34:36 UTC 2026","","setSingleParamFactory","",""
"","396","renders","EarlyAccessFeaturesWarningDialog","Thu Jun 04 03:37:23 UTC 2026","passed","Thu Jun 04 03:37:23 UTC 2026","","","",""
"","249","Selecting an edge with a Computer target node that does not have haslaps enabled shows correct Windows Abuse text","EdgeInfoContent","Thu Jun 04 03:31:11 UTC 2026","passed","Thu Jun 04 03:31:11 UTC 2026","","","",""
"Test cases for TestTracker_HasEdge_DuplicateCalls","0","TestTracker_HasEdge_DuplicateCalls","","Thu Jun 04 03:29:55 UTC 2026","passed","Thu Jun 04 03:29:55 UTC 2026","","Go Test","github.com/specterops/bloodhound/packages/go/analysis/post/TestTracker_HasEdge_DuplicateCalls","TestTracker_HasEdge_DuplicateCalls"
"","2730","search filters edges by name","Pathfinding","Thu Jun 04 03:32:04 UTC 2026","passed","Thu Jun 04 03:32:07 UTC 2026","","","",""
"","0","handles environment with impactValue of 0","filterAndSearchEnvironments","Thu Jun 04 03:31:05 UTC 2026","passed","Thu Jun 04 03:31:05 UTC 2026","","edge cases","",""
"Test cases for TestDetectBOMEncoding","0","TestDetectBOMEncoding","","Thu Jun 04 03:29:55 UTC 2026","passed","Thu Jun 04 03:29:55 UTC 2026","","Go Test","github.com/specterops/bloodhound/packages/go/bomenc/TestDetectBOMEncoding","TestDetectBOMEncoding"
"","409","Displays the selectors list if passed in through additional sections","EntityInfoDataTableList","Thu Jun 04 03:34:07 UTC 2026","passed","Thu Jun 04 03:34:07 UTC 2026","","","",""
"","1","reports an API error when there is only statusText","handleError","Thu Jun 04 03:32:20 UTC 2026","passed","Thu Jun 04 03:32:20 UTC 2026","","","",""
"Test cases for TestToolContainer_GetScheduledAnalysisConfiguration_Errors","4","TestToolContainer_GetScheduledAnalysisConfiguration_Errors","","Thu Jun 04 03:29:33 UTC 2026","passed","Thu Jun 04 03:29:33 UTC 2026","","Go Test","github.com/specterops/bloodhound/cmd/api/src/api/tools/TestToolContainer_GetScheduledAnalysisConfiguration_Errors","TestToolContainer_GetScheduledAnalysisConfiguration_Errors"
"","147","should render action list item that handles a function","MainNav","Thu Jun 04 03:33:18 UTC 2026","passed","Thu Jun 04 03:33:18 UTC 2026","","","",""
"","470","should call performSearch on keyboard press alt+R","CypherSearch","Thu Jun 04 03:31:37 UTC 2026","passed","Thu Jun 04 03:31:38 UTC 2026","","","",""
"","217","a null response from the server is handled","ExploreSearchCombobox with null response","Thu Jun 04 03:33:00 UTC 2026","passed","Thu Jun 04 03:33:01 UTC 2026","","","",""
"","1241","Explore URL Accounts for irregular characters in cypher query","Rule Form","Thu Jun 04 03:31:08 UTC 2026","passed","Thu Jun 04 03:31:09 UTC 2026","","","",""
"Test cases for TestQueries_BuildEntityQueryParams_InvalidSkip","0","TestQueries_BuildEntityQueryParams_InvalidSkip","","Thu Jun 04 03:29:44 UTC 2026","passed","Thu Jun 04 03:29:44 UTC 2026","","Go Test","github.com/specterops/bloodhound/cmd/api/src/queries/TestQueries_BuildEntityQueryParams_InvalidSkip","TestQueries_BuildEntityQueryParams_InvalidSkip"
"","181","should fire Cancel once with false","ConfirmationDialog","Thu Jun 04 03:35:59 UTC 2026","passed","Thu Jun 04 03:35:59 UTC 2026","","","",""
"Test cases for TestManagementResource_ListRoles_DBError","0","TestManagementResource_ListRoles_DBError","","Thu Jun 04 03:29:45 UTC 2026","passed","Thu Jun 04 03:29:45 UTC 2026","","Go Test","github.com/specterops/bloodhound/cmd/api/src/api/v2/auth/TestManagementResource_ListRoles_DBError","TestManagementResource_ListRoles_DBError"
"","287","should display correctly","ConfirmationDialog","Thu Jun 04 03:35:59 UTC 2026","passed","Thu Jun 04 03:35:59 UTC 2026","","","",""
"","119","shows the direct object and expanded object list when results are present for both","Seed Selection Results","Thu Jun 04 03:32:39 UTC 2026","passed","Thu Jun 04 03:32:39 UTC 2026","","","",""
"Test cases for TestResources_GetOUEntityInfo","0","TestResources_GetOUEntityInfo","","Thu Jun 04 03:29:38 UTC 2026","passed","Thu Jun 04 03:29:38 UTC 2026","","Go Test","github.com/specterops/bloodhound/cmd/api/src/api/v2/TestResources_GetOUEntityInfo","TestResources_GetOUEntityInfo"
"","88","renders the total count and object counts on success","ObjectCountPanel","Thu Jun 04 03:35:35 UTC 2026","passed","Thu Jun 04 03:35:35 UTC 2026","","","",""
"Test cases for TestIntScan","0","TestIntScan","","Thu Jun 04 03:29:42 UTC 2026","passed","Thu Jun 04 03:29:42 UTC 2026","","Go Test","github.com/specterops/bloodhound/cmd/api/src/database/types/null/TestIntScan","TestIntScan"
"Test cases for Test_filterAndFormatSearchResults","0","Test_filterAndFormatSearchResults","","Thu Jun 04 03:29:38 UTC 2026","passed","Thu Jun 04 03:29:38 UTC 2026","","Go Test","github.com/specterops/bloodhound/cmd/api/src/api/v2/Test_filterAndFormatSearchResults","Test_filterAndFormatSearchResults"
"Test cases for TestManagementResource_UpdateUser_UserSelfModify","1172","TestManagementResource_UpdateUser_UserSelfModify","","Thu Jun 04 03:29:57 UTC 2026","passed","Thu Jun 04 03:29:58 UTC 2026","","Go Test","github.com/specterops/bloodhound/cmd/api/src/api/v2/auth/TestManagementResource_UpdateUser_UserSelfModify","TestManagementResource_UpdateUser_UserSelfModify"
"","158","should call ""onCancel one time""","Enable2FADialog","Thu Jun 04 03:34:42 UTC 2026","passed","Thu Jun 04 03:34:43 UTC 2026","","user clicks ""Cancel"" button","",""
"","154","continue button is disabled when no SSO provider has been selected","LoginViaSSOForm","Thu Jun 04 03:34:34 UTC 2026","passed","Thu Jun 04 03:34:34 UTC 2026","","","",""
"","82","should display ""Password"" input","Enable2FADialog","Thu Jun 04 03:34:42 UTC 2026","passed","Thu Jun 04 03:34:42 UTC 2026","","","",""
"Test cases for TestFloatPointer","0","TestFloatPointer","","Thu Jun 04 03:29:42 UTC 2026","passed","Thu Jun 04 03:29:42 UTC 2026","","Go Test","github.com/specterops/bloodhound/cmd/api/src/database/types/null/TestFloatPointer","TestFloatPointer"
"","1145","shows indeterminate states when some graph data is selected","GraphDataCheckboxes","Thu Jun 04 03:32:07 UTC 2026","passed","Thu Jun 04 03:32:08 UTC 2026","","","",""
"Test cases for TestParsePreferHeaderWait","0","TestParsePreferHeaderWait","","Thu Jun 04 03:29:32 UTC 2026","passed","Thu Jun 04 03:29:32 UTC 2026","","Go Test","github.com/specterops/bloodhound/cmd/api/src/api/middleware/TestParsePreferHeaderWait","TestParsePreferHeaderWait"
"","10","displays lastlogontimestamp cell as NEVER when the value is -1","ExploreTableDataCell","Thu Jun 04 03:35:29 UTC 2026","passed","Thu Jun 04 03:35:29 UTC 2026","","","",""
"","145","does not open the dialog when the user does not have the opengraph write permission","SchemaUploadDialog","Thu Jun 04 03:32:16 UTC 2026","passed","Thu Jun 04 03:32:16 UTC 2026","","","",""
"Test cases for TestManagementResource_UpdateUser_SelfDisable","1301","TestManagementResource_UpdateUser_SelfDisable","","Thu Jun 04 03:29:56 UTC 2026","passed","Thu Jun 04 03:29:57 UTC 2026","","Go Test","github.com/specterops/bloodhound/cmd/api/src/api/v2/auth/TestManagementResource_UpdateUser_SelfDisable","TestManagementResource_UpdateUser_SelfDisable"
"Test cases for TestCreateUser_FailureDuplicateEmail","1133","TestCreateUser_FailureDuplicateEmail","","Thu Jun 04 03:29:45 UTC 2026","passed","Thu Jun 04 03:29:46 UTC 2026","","Go Test","github.com/specterops/bloodhound/cmd/api/src/api/v2/auth/TestCreateUser_FailureDuplicateEmail","TestCreateUser_FailureDuplicateEmail"
"","138","buttons are disabled while loading","LoginForm","Thu Jun 04 03:35:30 UTC 2026","passed","Thu Jun 04 03:35:30 UTC 2026","","","",""
"Test cases for TestManagementResource_ListAuthTokens_UserIDFilter","1","TestManagementResource_ListAuthTokens_UserIDFilter","","Thu Jun 04 03:30:05 UTC 2026","passed","Thu Jun 04 03:30:05 UTC 2026","","Go Test","github.com/specterops/bloodhound/cmd/api/src/api/v2/auth/TestManagementResource_ListAuthTokens_UserIDFilter","TestManagementResource_ListAuthTokens_UserIDFilter"
"","28","returns undefined if environmentId searched for is not found","useAvailableEnvironments","Thu Jun 04 03:33:35 UTC 2026","passed","Thu Jun 04 03:33:35 UTC 2026","","useSelectedEnvironment","",""
"","1218","should display all available SSO providers","UpdateUserDialog","Thu Jun 04 03:32:00 UTC 2026","passed","Thu Jun 04 03:32:01 UTC 2026","","","",""
"","3","returns {enabled: false} if there is not a match on the switch statement","useExploreGraph","Thu Jun 04 03:32:07 UTC 2026","passed","Thu Jun 04 03:32:07 UTC 2026","","exploreGraphQueryFactory","",""
"","95","disables delete button for built-in extensions","ActiveExtensionsCard","Thu Jun 04 03:31:13 UTC 2026","passed","Thu Jun 04 03:31:13 UTC 2026","","","",""
"Test cases for TestFilter","0","TestFilter","","Thu Jun 04 03:29:57 UTC 2026","passed","Thu Jun 04 03:29:57 UTC 2026","","Go Test","github.com/specterops/bloodhound/packages/go/slicesext/TestFilter","TestFilter"
"Test cases for TestManagementResource_ListAuthTokens_Admin","0","TestManagementResource_ListAuthTokens_Admin","","Thu Jun 04 03:30:05 UTC 2026","passed","Thu Jun 04 03:30:05 UTC 2026","","Go Test","github.com/specterops/bloodhound/cmd/api/src/api/v2/auth/TestManagementResource_ListAuthTokens_Admin","TestManagementResource_ListAuthTokens_Admin"
"Test cases for TestResources_UpdateAssetGroupSelectors_PayloadError","1","TestResources_UpdateAssetGroupSelectors_PayloadError","","Thu Jun 04 03:29:38 UTC 2026","passed","Thu Jun 04 03:29:38 UTC 2026","","Go Test","github.com/specterops/bloodhound/cmd/api/src/api/v2/TestResources_UpdateAssetGroupSelectors_PayloadError","TestResources_UpdateAssetGroupSelectors_PayloadError"
"","14","makes no count request when neither a Tag or Rule is selected (tagId and ruleId are undefined from path params","useObjectCounts","Thu Jun 04 03:35:43 UTC 2026","passed","Thu Jun 04 03:35:44 UTC 2026","","","",""
"","201","enables the create user button when the user is admin role","Users","Thu Jun 04 03:32:17 UTC 2026","passed","Thu Jun 04 03:32:17 UTC 2026","","","",""
"","12","does not return when zone limit is not reached","useTagLimits","Thu Jun 04 03:31:28 UTC 2026","passed","Thu Jun 04 03:31:28 UTC 2026","","","",""
"","373","should display CreateUserTokenDialog","UserTokenManagementDialog","Thu Jun 04 03:32:36 UTC 2026","passed","Thu Jun 04 03:32:37 UTC 2026","","when user clicks ""Create Token"" button","",""
"Test cases for TestManagementResource_GetSAMLProvider","13","TestManagementResource_GetSAMLProvider","","Thu Jun 04 03:30:14 UTC 2026","passed","Thu Jun 04 03:30:14 UTC 2026","","Go Test","github.com/specterops/bloodhound/cmd/api/src/api/v2/auth/TestManagementResource_GetSAMLProvider","TestManagementResource_GetSAMLProvider"
"Test cases for TestCacheEntryDigester_PoolStateReuse","0","TestCacheEntryDigester_PoolStateReuse","","Thu Jun 04 03:29:46 UTC 2026","passed","Thu Jun 04 03:29:46 UTC 2026","","Go Test","github.com/specterops/bloodhound/cmd/api/src/services/graphify/endpoint/TestCacheEntryDigester_PoolStateReuse","TestCacheEntryDigester_PoolStateReuse"
"","73","copys children value to clipboard after clicking the copy btn","CodeController","Thu Jun 04 03:35:55 UTC 2026","passed","Thu Jun 04 03:35:55 UTC 2026","","","",""
"","68","should render a label and version number when expanded","MainNav","Thu Jun 04 03:33:18 UTC 2026","passed","Thu Jun 04 03:33:18 UTC 2026","","","",""
"","206","calls onChangePinnedColumns to unpin a column when its pin icon is clicked","ManageColumnsComboBox","Thu Jun 04 03:32:49 UTC 2026","passed","Thu Jun 04 03:32:49 UTC 2026","","","",""
"","1930","should add an option and display the changelog when it is clicked","AssetGroupEdit","Thu Jun 04 03:34:27 UTC 2026","passed","Thu Jun 04 03:34:29 UTC 2026","","","",""
"Test cases for TestBuildSQLFilter","0","TestBuildSQLFilter","","Thu Jun 04 03:29:43 UTC 2026","passed","Thu Jun 04 03:29:43 UTC 2026","","Go Test","github.com/specterops/bloodhound/cmd/api/src/model/TestBuildSQLFilter","TestBuildSQLFilter"
"","0","abbreviates thousands, millions, billions, trillions as expected","numberFormatting","Thu Jun 04 03:33:58 UTC 2026","passed","Thu Jun 04 03:33:58 UTC 2026","","","",""
"","829","should not allow the input to exceed the allowed length","UpdateUserForm","Thu Jun 04 03:30:48 UTC 2026","passed","Thu Jun 04 03:30:49 UTC 2026","","","",""
"","7","returns a date string only if passed a string with a matching key","Formatting strings via formatPrimive","Thu Jun 04 03:32:53 UTC 2026","passed","Thu Jun 04 03:32:53 UTC 2026","","","",""
"Test cases for TestResources_ListADEntityDCOMRights","0","TestResources_ListADEntityDCOMRights","","Thu Jun 04 03:29:38 UTC 2026","passed","Thu Jun 04 03:29:38 UTC 2026","","Go Test","github.com/specterops/bloodhound/cmd/api/src/api/v2/TestResources_ListADEntityDCOMRights","TestResources_ListADEntityDCOMRights"
"","3","does not put polite messages in the assertive region","AnnouncementProvider","Thu Jun 04 03:34:21 UTC 2026","passed","Thu Jun 04 03:34:21 UTC 2026","","","",""
"Test cases for TestSignRequestTeeFailure","0","TestSignRequestTeeFailure","","Thu Jun 04 03:29:27 UTC 2026","passed","Thu Jun 04 03:29:27 UTC 2026","","Go Test","github.com/specterops/bloodhound/cmd/api/src/api/TestSignRequestTeeFailure","TestSignRequestTeeFailure"
"","0","should return false when there is no match","compareTerm","Thu Jun 04 03:35:07 UTC 2026","passed","Thu Jun 04 03:35:07 UTC 2026","","","",""
"Test cases for TestBHCEStaticHandler","19","TestBHCEStaticHandler","","Thu Jun 04 03:29:32 UTC 2026","passed","Thu Jun 04 03:29:32 UTC 2026","","Go Test","github.com/specterops/bloodhound/cmd/api/src/api/static/TestBHCEStaticHandler","TestBHCEStaticHandler"
"","0","Fetching the data timed out","Getting the text for the disabled item display for a search when there are no results","Thu Jun 04 03:34:30 UTC 2026","passed","Thu Jun 04 03:34:30 UTC 2026","","Error states","",""
"","113","reverts all menu options to an unselected state when isExploreLayoutSelected becomes false","GraphControls","Thu Jun 04 03:31:01 UTC 2026","passed","Thu Jun 04 03:31:01 UTC 2026","","Selecting a layout","",""
"","1","returns query config when searchType is composition and all required params are passed","useExploreGraph","Thu Jun 04 03:32:07 UTC 2026","passed","Thu Jun 04 03:32:07 UTC 2026","composition search queries","exploreGraphQueryFactory","",""
"","0","returns fallback Cypher message when ruleType is undefined and seeds are required","getErrorMessage","Thu Jun 04 03:32:20 UTC 2026","passed","Thu Jun 04 03:32:20 UTC 2026","","","",""
"Test cases for TestArgon2Digest_Validate","0","TestArgon2Digest_Validate","","Thu Jun 04 03:29:56 UTC 2026","passed","Thu Jun 04 03:29:56 UTC 2026","","Go Test","github.com/specterops/bloodhound/packages/go/crypto/TestArgon2Digest_Validate","TestArgon2Digest_Validate"
"","660","opens and closes the filter","FileIngestFilterDialog","Thu Jun 04 03:32:24 UTC 2026","passed","Thu Jun 04 03:32:25 UTC 2026","","","",""
"Test cases for TestParseKind","0","TestParseKind","","Thu Jun 04 03:29:56 UTC 2026","passed","Thu Jun 04 03:29:56 UTC 2026","","Go Test","github.com/specterops/bloodhound/packages/go/ein/TestParseKind","TestParseKind"
"","525","renders a non-primary button as expected","DropdownSelector","Thu Jun 04 03:34:49 UTC 2026","passed","Thu Jun 04 03:34:50 UTC 2026","","","",""
"Test cases for TestResources_ListAuditLogs_SkipAndOffset","0","TestResources_ListAuditLogs_SkipAndOffset","","Thu Jun 04 03:29:38 UTC 2026","passed","Thu Jun 04 03:29:38 UTC 2026","","Go Test","github.com/specterops/bloodhound/cmd/api/src/api/v2/TestResources_ListAuditLogs_SkipAndOffset","TestResources_ListAuditLogs_SkipAndOffset"
"Test cases for TestGetLatestQueryParameter_LatestMalformed","0","TestGetLatestQueryParameter_LatestMalformed","","Thu Jun 04 03:29:38 UTC 2026","passed","Thu Jun 04 03:29:38 UTC 2026","","Go Test","github.com/specterops/bloodhound/cmd/api/src/api/v2/TestGetLatestQueryParameter_LatestMalformed","TestGetLatestQueryParameter_LatestMalformed"
"Test cases for Test_ParseAndValidatePayload","7","Test_ParseAndValidatePayload","","Thu Jun 04 03:29:48 UTC 2026","passed","Thu Jun 04 03:29:48 UTC 2026","","Go Test","github.com/specterops/bloodhound/cmd/api/src/services/upload/Test_ParseAndValidatePayload","Test_ParseAndValidatePayload"
"","66","invalidates the extensions query key when upload succeeds","useSchemaUploadHandlers","Thu Jun 04 03:36:00 UTC 2026","passed","Thu Jun 04 03:36:00 UTC 2026","","","",""
"Test cases for TestFormatDatabaseErrorNotFound","0","TestFormatDatabaseErrorNotFound","","Thu Jun 04 03:29:28 UTC 2026","passed","Thu Jun 04 03:29:28 UTC 2026","","Go Test","github.com/specterops/bloodhound/cmd/api/src/api/TestFormatDatabaseErrorNotFound","TestFormatDatabaseErrorNotFound"
"Test cases for TestContextMiddleware_InvalidWait","0","TestContextMiddleware_InvalidWait","","Thu Jun 04 03:29:32 UTC 2026","passed","Thu Jun 04 03:29:32 UTC 2026","","Go Test","github.com/specterops/bloodhound/cmd/api/src/api/middleware/TestContextMiddleware_InvalidWait","TestContextMiddleware_InvalidWait"
"","358","sets a primarySearch=id and searchType=pathfinding when secondarySearch is truthy","ContextMenu","Thu Jun 04 03:36:57 UTC 2026","passed","Thu Jun 04 03:36:58 UTC 2026","","","",""
"Test cases for TestTextUnmarshalInt","0","TestTextUnmarshalInt","","Thu Jun 04 03:29:42 UTC 2026","passed","Thu Jun 04 03:29:42 UTC 2026","","Go Test","github.com/specterops/bloodhound/cmd/api/src/database/types/null/TestTextUnmarshalInt","TestTextUnmarshalInt"
"","47","uses the discardQueryParams prop to discard all query params on the link","AppLink","Thu Jun 04 03:34:22 UTC 2026","passed","Thu Jun 04 03:34:22 UTC 2026","","","",""
"Test cases for TestFilterStructSlice","0","TestFilterStructSlice","","Thu Jun 04 03:29:27 UTC 2026","passed","Thu Jun 04 03:29:27 UTC 2026","","Go Test","github.com/specterops/bloodhound/cmd/api/src/api/TestFilterStructSlice","TestFilterStructSlice"
"","1714","shows an error message when unable to delete a rule","Rule Form","Thu Jun 04 03:31:02 UTC 2026","passed","Thu Jun 04 03:31:04 UTC 2026","","","",""
"","380","filters by the selected user","FileIngestFilterDialog","Thu Jun 04 03:32:29 UTC 2026","passed","Thu Jun 04 03:32:30 UTC 2026","","User Select","",""
"Test cases for TestResources_ListUsersMinimal","4","TestResources_ListUsersMinimal","","Thu Jun 04 03:30:14 UTC 2026","passed","Thu Jun 04 03:30:14 UTC 2026","","Go Test","github.com/specterops/bloodhound/cmd/api/src/api/v2/auth/TestResources_ListUsersMinimal","TestResources_ListUsersMinimal"
"","328","renders total rules and accordion sections","RulesAccordion","Thu Jun 04 03:34:06 UTC 2026","passed","Thu Jun 04 03:34:06 UTC 2026","","","",""
"","0","returns null if paramValue is null","useEnvironmentParams","Thu Jun 04 03:36:11 UTC 2026","passed","Thu Jun 04 03:36:11 UTC 2026","","parseEnvironmentAggregation","",""
"Test cases for TestParseSkipQueryParameter_BadFormat","0","TestParseSkipQueryParameter_BadFormat","","Thu Jun 04 03:29:39 UTC 2026","passed","Thu Jun 04 03:29:39 UTC 2026","","Go Test","github.com/specterops/bloodhound/cmd/api/src/api/v2/TestParseSkipQueryParameter_BadFormat","TestParseSkipQueryParameter_BadFormat"
"Test cases for TestMergedFS_ReadDir","1","TestMergedFS_ReadDir","","Thu Jun 04 03:29:41 UTC 2026","passed","Thu Jun 04 03:29:41 UTC 2026","","Go Test","github.com/specterops/bloodhound/cmd/api/src/database/migration/TestMergedFS_ReadDir","TestMergedFS_ReadDir"
"Test cases for TestManagementResource_ListRoles_InvalidFilterPredicate","0","TestManagementResource_ListRoles_InvalidFilterPredicate","","Thu Jun 04 03:29:45 UTC 2026","passed","Thu Jun 04 03:29:45 UTC 2026","","Go Test","github.com/specterops/bloodhound/cmd/api/src/api/v2/auth/TestManagementResource_ListRoles_InvalidFilterPredicate","TestManagementResource_ListRoles_InvalidFilterPredicate"
"Test cases for TestParseUUID","0","TestParseUUID","","Thu Jun 04 03:29:50 UTC 2026","passed","Thu Jun 04 03:29:50 UTC 2026","","Go Test","github.com/specterops/bloodhound/cmd/api/src/utils/TestParseUUID","TestParseUUID"
"Test cases for TestResources_GetPathfindingResult","1","TestResources_GetPathfindingResult","","Thu Jun 04 03:29:39 UTC 2026","passed","Thu Jun 04 03:29:39 UTC 2026","","Go Test","github.com/specterops/bloodhound/cmd/api/src/api/v2/TestResources_GetPathfindingResult","TestResources_GetPathfindingResult"
"Test cases for TestResources_ExportSavedQueries","30","TestResources_ExportSavedQueries","","Thu Jun 04 03:29:39 UTC 2026","passed","Thu Jun 04 03:29:39 UTC 2026","","Go Test","github.com/specterops/bloodhound/cmd/api/src/api/v2/TestResources_ExportSavedQueries","TestResources_ExportSavedQueries"
"Test cases for TestManagementResource_DeleteUser_BadUserID","0","TestManagementResource_DeleteUser_BadUserID","","Thu Jun 04 03:30:01 UTC 2026","passed","Thu Jun 04 03:30:01 UTC 2026","","Go Test","github.com/specterops/bloodhound/cmd/api/src/api/v2/auth/TestManagementResource_DeleteUser_BadUserID","TestManagementResource_DeleteUser_BadUserID"
"","824","should render an update user form","UpdateUserDialog","Thu Jun 04 03:31:57 UTC 2026","passed","Thu Jun 04 03:31:58 UTC 2026","","","",""
"Test cases for TestResources_EndIngestJob","127","TestResources_EndIngestJob","","Thu Jun 04 03:29:39 UTC 2026","passed","Thu Jun 04 03:29:39 UTC 2026","","Go Test","github.com/specterops/bloodhound/cmd/api/src/api/v2/TestResources_EndIngestJob","TestResources_EndIngestJob"
"","518","should not have less characters than the minimum requirement","UpdateUserForm","Thu Jun 04 03:30:49 UTC 2026","passed","Thu Jun 04 03:30:50 UTC 2026","","","",""
"","616","should accept passwords with unicode punctuation characters","CreateUserForm","Thu Jun 04 03:31:22 UTC 2026","passed","Thu Jun 04 03:31:22 UTC 2026","","","",""
"","2","should recognize azure properties","validating a node property against the shared generated schema","Thu Jun 04 03:32:53 UTC 2026","passed","Thu Jun 04 03:32:53 UTC 2026","","","",""
"","1348","renders asset group edit options with graph write permissions","ContextMenu","Thu Jun 04 03:36:55 UTC 2026","passed","Thu Jun 04 03:36:56 UTC 2026","","","",""
"Test cases for TestRewriter_Enter_AllAttackPathsShortcut_TakesPrecedenceOverOtherShortcuts","1","TestRewriter_Enter_AllAttackPathsShortcut_TakesPrecedenceOverOtherShortcuts","","Thu Jun 04 03:29:44 UTC 2026","passed","Thu Jun 04 03:29:44 UTC 2026","","Go Test","github.com/specterops/bloodhound/cmd/api/src/queries/TestRewriter_Enter_AllAttackPathsShortcut_TakesPrecedenceOverOtherShortcuts","TestRewriter_Enter_AllAttackPathsShortcut_TakesPrecedenceOverOtherShortcuts"
"","299","shows all checked boxes","GraphDataCheckboxes","Thu Jun 04 03:32:08 UTC 2026","passed","Thu Jun 04 03:32:08 UTC 2026","","","",""
"","666","does not allow confirmation while dates are invalid","FileIngestFilterDialog","Thu Jun 04 03:32:28 UTC 2026","passed","Thu Jun 04 03:32:29 UTC 2026","","Date Range Inputs","",""
"","381","filling in the name value allows updating the selector and navigates back to the details page","Tag Form","Thu Jun 04 03:30:42 UTC 2026","passed","Thu Jun 04 03:30:43 UTC 2026","","","",""
"Test cases for TestGenericClone","0","TestGenericClone","","Thu Jun 04 03:29:50 UTC 2026","passed","Thu Jun 04 03:29:50 UTC 2026","","Go Test","github.com/specterops/bloodhound/cmd/api/src/utils/TestGenericClone","TestGenericClone"
"","201","renders a graph view","GraphView","Thu Jun 04 03:36:37 UTC 2026","passed","Thu Jun 04 03:36:38 UTC 2026","","","",""
"","97","renders the glyph form input when the editing a zone that is not the highest privileged","Tag Form","Thu Jun 04 03:30:42 UTC 2026","passed","Thu Jun 04 03:30:42 UTC 2026","","","",""
"Test cases for Test_ParseGraphSortParameters_InvalidSortColumn","0","Test_ParseGraphSortParameters_InvalidSortColumn","","Thu Jun 04 03:29:28 UTC 2026","passed","Thu Jun 04 03:29:28 UTC 2026","","Go Test","github.com/specterops/bloodhound/cmd/api/src/api/Test_ParseGraphSortParameters_InvalidSortColumn","Test_ParseGraphSortParameters_InvalidSortColumn"
"Test cases for TestResources_ListADGroupMembership","0","TestResources_ListADGroupMembership","","Thu Jun 04 03:29:38 UTC 2026","passed","Thu Jun 04 03:29:38 UTC 2026","","Go Test","github.com/specterops/bloodhound/cmd/api/src/api/v2/TestResources_ListADGroupMembership","TestResources_ListADGroupMembership"
"Test cases for TestResources_DownloadCollectorChecksumByVersion","3","TestResources_DownloadCollectorChecksumByVersion","","Thu Jun 04 03:29:38 UTC 2026","passed","Thu Jun 04 03:29:38 UTC 2026","","Go Test","github.com/specterops/bloodhound/cmd/api/src/api/v2/TestResources_DownloadCollectorChecksumByVersion","TestResources_DownloadCollectorChecksumByVersion"
"","1","calls transformToFlatGraphResponse when graphData matches GraphResponse interface","normalizeGraphDataForSigma","Thu Jun 04 03:37:22 UTC 2026","passed","Thu Jun 04 03:37:22 UTC 2026","","","",""
"","521","should not allow leading or trailing empty spaces","UpdateUserForm","Thu Jun 04 03:30:50 UTC 2026","passed","Thu Jun 04 03:30:50 UTC 2026","","","",""
"","16","renders disabled prop when flag is not enabled","FeatureFlag","Thu Jun 04 03:35:06 UTC 2026","passed","Thu Jun 04 03:35:06 UTC 2026","","","",""
"","177","should display a ""Reset Password"" button","UserProfile","Thu Jun 04 03:33:12 UTC 2026","passed","Thu Jun 04 03:33:13 UTC 2026","","","",""
"","0","returns empty array when search does not match any environment","filterAndSearchEnvironments","Thu Jun 04 03:31:05 UTC 2026","passed","Thu Jun 04 03:31:05 UTC 2026","","search filter","",""
"","0","runs a pathfinding search when the query param is set to ""pathfinding""","useExploreGraph","Thu Jun 04 03:32:07 UTC 2026","passed","Thu Jun 04 03:32:07 UTC 2026","","exploreGraphQueryFactory","",""
"","463","has date range input filters","FileIngestFilterDialog","Thu Jun 04 03:32:27 UTC 2026","passed","Thu Jun 04 03:32:28 UTC 2026","","Date Range Inputs","",""
"","428","Should call handler when a member is clicked","AssetGroupMemberList","Thu Jun 04 03:35:25 UTC 2026","passed","Thu Jun 04 03:35:25 UTC 2026","","","",""
"","126","does not trigger search for fewer than 3 characters","SearchBar","Thu Jun 04 03:36:01 UTC 2026","passed","Thu Jun 04 03:36:01 UTC 2026","","","",""
"Test cases for TestDeduplicateKinds","0","TestDeduplicateKinds","","Thu Jun 04 03:29:46 UTC 2026","passed","Thu Jun 04 03:29:46 UTC 2026","","Go Test","github.com/specterops/bloodhound/cmd/api/src/services/graphify/TestDeduplicateKinds","TestDeduplicateKinds"
"","450","should call ""onSave"" one time","Enable2FADialog","Thu Jun 04 03:34:43 UTC 2026","passed","Thu Jun 04 03:34:43 UTC 2026","user clicks ""Disable Multi-Factor Authentication"" button","user enters valid password","",""
"","75","applies the given filters","useFinishedJobs","Thu Jun 04 03:33:29 UTC 2026","passed","Thu Jun 04 03:33:29 UTC 2026","","","",""
"","1","filters by name search (case insensitive)","filterAndSearchEnvironments","Thu Jun 04 03:31:05 UTC 2026","passed","Thu Jun 04 03:31:05 UTC 2026","","search filter","",""
"","5","wraps a plain value in single quotes","escapeCypherString","Thu Jun 04 03:36:05 UTC 2026","passed","Thu Jun 04 03:36:05 UTC 2026","","","",""
"Test cases for TestResources_ListADGPOAffectedContainers","0","TestResources_ListADGPOAffectedContainers","","Thu Jun 04 03:29:38 UTC 2026","passed","Thu Jun 04 03:29:38 UTC 2026","","Go Test","github.com/specterops/bloodhound/cmd/api/src/api/v2/TestResources_ListADGPOAffectedContainers","TestResources_ListADGPOAffectedContainers"
"","70","sets autoDisplayTable to false if query returns edges","useExploreTableAutoDisplay","Thu Jun 04 03:35:02 UTC 2026","passed","Thu Jun 04 03:35:02 UTC 2026","","","",""
"","364","displays no search results message when search yields no matches","ActiveExtensionsCard","Thu Jun 04 03:31:11 UTC 2026","passed","Thu Jun 04 03:31:12 UTC 2026","","","",""
"Test cases for Test_filterAndFormatSearchResults_default","0","Test_filterAndFormatSearchResults_default","","Thu Jun 04 03:29:38 UTC 2026","passed","Thu Jun 04 03:29:38 UTC 2026","","Go Test","github.com/specterops/bloodhound/cmd/api/src/api/v2/Test_filterAndFormatSearchResults_default","Test_filterAndFormatSearchResults_default"
"","589","disables the delete button and all checkboxes if the user lacks permission","DatabaseManagement","Thu Jun 04 03:36:39 UTC 2026","passed","Thu Jun 04 03:36:39 UTC 2026","","","",""
"Test cases for TestResources_OpenGraphSchemaIngest","3","TestResources_OpenGraphSchemaIngest","","Thu Jun 04 03:29:39 UTC 2026","passed","Thu Jun 04 03:29:39 UTC 2026","","Go Test","github.com/specterops/bloodhound/cmd/api/src/api/v2/TestResources_OpenGraphSchemaIngest","TestResources_OpenGraphSchemaIngest"
"Test cases for TestRegisterBHCEMetrics","0","TestRegisterBHCEMetrics","","Thu Jun 04 03:29:57 UTC 2026","passed","Thu Jun 04 03:29:57 UTC 2026","","Go Test","github.com/specterops/bloodhound/packages/go/metricsregistration/TestRegisterBHCEMetrics","TestRegisterBHCEMetrics"
"Test cases for TestIsDeadlockError","2","TestIsDeadlockError","","Thu Jun 04 03:29:40 UTC 2026","passed","Thu Jun 04 03:29:40 UTC 2026","","Go Test","github.com/specterops/bloodhound/cmd/api/src/daemons/changelog/TestIsDeadlockError","TestIsDeadlockError"
"Test cases for TestResources_ListADEntityControllers","2","TestResources_ListADEntityControllers","","Thu Jun 04 03:29:38 UTC 2026","passed","Thu Jun 04 03:29:38 UTC 2026","","Go Test","github.com/specterops/bloodhound/cmd/api/src/api/v2/TestResources_ListADEntityControllers","TestResources_ListADEntityControllers"
"Test cases for TestDurationValidator","0","TestDurationValidator","","Thu Jun 04 03:29:51 UTC 2026","passed","Thu Jun 04 03:29:51 UTC 2026","","Go Test","github.com/specterops/bloodhound/cmd/api/src/utils/validation/TestDurationValidator","TestDurationValidator"
"","188","respects openIndex (default opened panel)","<DetailsAccordion />","Thu Jun 04 03:32:44 UTC 2026","passed","Thu Jun 04 03:32:44 UTC 2026","","","",""
"","27","returns numbers as strings","numberFormatting","Thu Jun 04 03:33:58 UTC 2026","passed","Thu Jun 04 03:33:58 UTC 2026","","","",""
"Test cases for TestUnmarshalInt64","0","TestUnmarshalInt64","","Thu Jun 04 03:29:42 UTC 2026","passed","Thu Jun 04 03:29:42 UTC 2026","","Go Test","github.com/specterops/bloodhound/cmd/api/src/database/types/null/TestUnmarshalInt64","TestUnmarshalInt64"
"","1081","renders","Privilege Zones History Filter Dialog","Thu Jun 04 03:33:27 UTC 2026","passed","Thu Jun 04 03:33:28 UTC 2026","","","",""
"Test cases for TestManagementResource_UpdateUser_GetRolesError","1120","TestManagementResource_UpdateUser_GetRolesError","","Thu Jun 04 03:29:55 UTC 2026","passed","Thu Jun 04 03:29:56 UTC 2026","","Go Test","github.com/specterops/bloodhound/cmd/api/src/api/v2/auth/TestManagementResource_UpdateUser_GetRolesError","TestManagementResource_UpdateUser_GetRolesError"
"Test cases for TestDatabase_checkError_OtherError","0","TestDatabase_checkError_OtherError","","Thu Jun 04 03:29:41 UTC 2026","passed","Thu Jun 04 03:29:41 UTC 2026","","Go Test","github.com/specterops/bloodhound/cmd/api/src/database/TestDatabase_checkError_OtherError","TestDatabase_checkError_OtherError"
"","1667","renders correct search elements after keypresses","GraphView","Thu Jun 04 03:36:42 UTC 2026","passed","Thu Jun 04 03:36:44 UTC 2026","","","",""
"","336","sets a secondary=id and searchType=pathfinding when primary is truthy","ContextMenu","Thu Jun 04 03:36:58 UTC 2026","passed","Thu Jun 04 03:36:58 UTC 2026","","","",""
"","215","should call the onClick function when clicked","GraphButton","Thu Jun 04 03:36:15 UTC 2026","passed","Thu Jun 04 03:36:15 UTC 2026","","","",""
"","16","renders highlight only for active member when memberId is present","SelectedHighlight","Thu Jun 04 03:35:16 UTC 2026","passed","Thu Jun 04 03:35:16 UTC 2026","","","",""
"","87","should display an error when error prop is truthy","SaveQueryDialog","Thu Jun 04 03:30:43 UTC 2026","passed","Thu Jun 04 03:30:43 UTC 2026","","","",""
"Test cases for TestPermissionsCheckAtLeastOne","1","TestPermissionsCheckAtLeastOne","","Thu Jun 04 03:29:32 UTC 2026","passed","Thu Jun 04 03:29:32 UTC 2026","","Go Test","github.com/specterops/bloodhound/cmd/api/src/api/middleware/TestPermissionsCheckAtLeastOne","TestPermissionsCheckAtLeastOne"
"Test cases for TestResources_GetBaseEntityInfo","271","TestResources_GetBaseEntityInfo","","Thu Jun 04 03:29:38 UTC 2026","passed","Thu Jun 04 03:29:39 UTC 2026","","Go Test","github.com/specterops/bloodhound/cmd/api/src/api/v2/TestResources_GetBaseEntityInfo","TestResources_GetBaseEntityInfo"
"Test cases for TestResources_ListAssetGroupMembersCount","1","TestResources_ListAssetGroupMembersCount","","Thu Jun 04 03:29:38 UTC 2026","passed","Thu Jun 04 03:29:38 UTC 2026","","Go Test","github.com/specterops/bloodhound/cmd/api/src/api/v2/TestResources_ListAssetGroupMembersCount","TestResources_ListAssetGroupMembersCount"
"Test cases for TestResources_CreateSavedQuery_InvalidBody","0","TestResources_CreateSavedQuery_InvalidBody","","Thu Jun 04 03:29:39 UTC 2026","passed","Thu Jun 04 03:29:39 UTC 2026","","Go Test","github.com/specterops/bloodhound/cmd/api/src/api/v2/TestResources_CreateSavedQuery_InvalidBody","TestResources_CreateSavedQuery_InvalidBody"
"","111","should on clicking collapse all remove expandedPanelSections param from url and set isObjectInfoPanelOpen in context to false","EdgeInfoHeader","Thu Jun 04 03:34:42 UTC 2026","passed","Thu Jun 04 03:34:42 UTC 2026","","","",""
"Test cases for TestManagementResource_ListRoles_PredicateMismatchWithColumn","0","TestManagementResource_ListRoles_PredicateMismatchWithColumn","","Thu Jun 04 03:29:45 UTC 2026","passed","Thu Jun 04 03:29:45 UTC 2026","","Go Test","github.com/specterops/bloodhound/cmd/api/src/api/v2/auth/TestManagementResource_ListRoles_PredicateMismatchWithColumn","TestManagementResource_ListRoles_PredicateMismatchWithColumn"
"","195","should disable the create provider button and not display providers if the user lacks permission","SSOConfiguration","Thu Jun 04 03:32:54 UTC 2026","passed","Thu Jun 04 03:32:54 UTC 2026","","","",""
"Test cases for TestResources_ListAssetGroups","4","TestResources_ListAssetGroups","","Thu Jun 04 03:29:38 UTC 2026","passed","Thu Jun 04 03:29:38 UTC 2026","","Go Test","github.com/specterops/bloodhound/cmd/api/src/api/v2/TestResources_ListAssetGroups","TestResources_ListAssetGroups"
"","5","returns bounds for text rendered to canvas","getLabelBoundsFromContext","Thu Jun 04 03:37:16 UTC 2026","passed","Thu Jun 04 03:37:16 UTC 2026","","","",""
"Test cases for TestAuditLogin","2","TestAuditLogin","","Thu Jun 04 03:29:27 UTC 2026","passed","Thu Jun 04 03:29:27 UTC 2026","","Go Test","github.com/specterops/bloodhound/cmd/api/src/api/TestAuditLogin","TestAuditLogin"
"Test cases for TestResources_ListAuditLogs_InvalidSkip","0","TestResources_ListAuditLogs_InvalidSkip","","Thu Jun 04 03:29:38 UTC 2026","passed","Thu Jun 04 03:29:38 UTC 2026","","Go Test","github.com/specterops/bloodhound/cmd/api/src/api/v2/TestResources_ListAuditLogs_InvalidSkip","TestResources_ListAuditLogs_InvalidSkip"
"","293","should render with the correct content","ConfirmUpdateQueryDialog","Thu Jun 04 03:35:47 UTC 2026","passed","Thu Jun 04 03:35:48 UTC 2026","","","",""
"","34","should display an error message if data does not return from the API","Context Selector Error","Thu Jun 04 03:33:13 UTC 2026","passed","Thu Jun 04 03:33:13 UTC 2026","","","",""
"Test cases for TestManagementResource_UpdateUser_GetUserError","1101","TestManagementResource_UpdateUser_GetUserError","","Thu Jun 04 03:29:54 UTC 2026","passed","Thu Jun 04 03:29:55 UTC 2026","","Go Test","github.com/specterops/bloodhound/cmd/api/src/api/v2/auth/TestManagementResource_UpdateUser_GetUserError","TestManagementResource_UpdateUser_GetUserError"
"","884","renders a filter search and platform dropdown menu","CommonSearches","Thu Jun 04 03:32:49 UTC 2026","passed","Thu Jun 04 03:32:49 UTC 2026","","","",""
"Test cases for TestFloatFrom","0","TestFloatFrom","","Thu Jun 04 03:29:42 UTC 2026","passed","Thu Jun 04 03:29:42 UTC 2026","","Go Test","github.com/specterops/bloodhound/cmd/api/src/database/types/null/TestFloatFrom","TestFloatFrom"
"Test cases for TestManagementResource_UpdateUser_DBError","1134","TestManagementResource_UpdateUser_DBError","","Thu Jun 04 03:30:00 UTC 2026","passed","Thu Jun 04 03:30:01 UTC 2026","","Go Test","github.com/specterops/bloodhound/cmd/api/src/api/v2/auth/TestManagementResource_UpdateUser_DBError","TestManagementResource_UpdateUser_DBError"
"","16","sets autoDisplayTable to false if query type is node","useExploreTableAutoDisplay","Thu Jun 04 03:35:02 UTC 2026","passed","Thu Jun 04 03:35:02 UTC 2026","","","",""
"Test cases for TestUnmarshalFloat","0","TestUnmarshalFloat","","Thu Jun 04 03:29:42 UTC 2026","passed","Thu Jun 04 03:29:42 UTC 2026","","Go Test","github.com/specterops/bloodhound/cmd/api/src/database/types/null/TestUnmarshalFloat","TestUnmarshalFloat"
"","64","passes the check for at least one permission if the user is missing one of many required permissions","usePermissions","Thu Jun 04 03:33:05 UTC 2026","passed","Thu Jun 04 03:33:05 UTC 2026","","","",""
"Test cases for TestInt64Pointer","0","TestInt64Pointer","","Thu Jun 04 03:29:42 UTC 2026","passed","Thu Jun 04 03:29:42 UTC 2026","","Go Test","github.com/specterops/bloodhound/cmd/api/src/database/types/null/TestInt64Pointer","TestInt64Pointer"
"Test cases for TestInvalidValueError","0","TestInvalidValueError","","Thu Jun 04 03:29:55 UTC 2026","passed","Thu Jun 04 03:29:55 UTC 2026","","Go Test","github.com/specterops/bloodhound/packages/go/cache/TestInvalidValueError","TestInvalidValueError"
"TestOpenGraphSchemaService_UpsertGraphSchemaExtension -","5","TestOpenGraphSchemaService_UpsertGraphSchemaExtension","","Thu Jun 04 03:29:47 UTC 2026","passed","Thu Jun 04 03:29:47 UTC 2026","","Go Test","github.com/specterops/bloodhound/cmd/api/src/services/opengraphschema/TestOpenGraphSchemaService_UpsertGraphSchemaExtension","TestOpenGraphSchemaService_UpsertGraphSchemaExtension"
"","1","determines glyphs with the tier_managent_engine feature flag enabled","getNodeGlyphs","Thu Jun 04 03:37:00 UTC 2026","passed","Thu Jun 04 03:37:00 UTC 2026","","","",""
"Test cases for TestDomainSelectors_TestIsSortable","0","TestDomainSelectors_TestIsSortable","","Thu Jun 04 03:29:43 UTC 2026","passed","Thu Jun 04 03:29:43 UTC 2026","","Go Test","github.com/specterops/bloodhound/cmd/api/src/model/TestDomainSelectors_TestIsSortable","TestDomainSelectors_TestIsSortable"
"","0","filters by multiple platforms","filterAndSearchEnvironments","Thu Jun 04 03:31:05 UTC 2026","passed","Thu Jun 04 03:31:05 UTC 2026","","platform filters","",""
"","1","returns propertyKeys from all three kind property enums","graphSchema","Thu Jun 04 03:35:39 UTC 2026","passed","Thu Jun 04 03:35:39 UTC 2026","","","",""
"","2","lastlogon, lastlogontimestamp","Handling value formatting for Active Directory entity properties lastlogon, lastlogontimestamp, whencreated, and pwdlastset","Thu Jun 04 03:32:53 UTC 2026","passed","Thu Jun 04 03:32:53 UTC 2026","","","",""
"","10","dismisses the ""no permission"" notification on unmount","useFinishedJobs","Thu Jun 04 03:33:29 UTC 2026","passed","Thu Jun 04 03:33:29 UTC 2026","","","",""
"","1187","should call onSave when Save button is clicked and form input is valid","CreateUserDialog","Thu Jun 04 03:31:37 UTC 2026","passed","Thu Jun 04 03:31:38 UTC 2026","","","",""
"","205","adds node to asset group tag without confirmation","AssetGroupMenuItem","Thu Jun 04 03:32:55 UTC 2026","passed","Thu Jun 04 03:32:55 UTC 2026","","","",""
"","10","removes key from state","useObjectState","Thu Jun 04 03:35:25 UTC 2026","passed","Thu Jun 04 03:35:25 UTC 2026","","","",""
"","253","The edge properties are fetched through a cypher search which includes lastseen","EdgeObjectInformation","Thu Jun 04 03:34:13 UTC 2026","passed","Thu Jun 04 03:34:13 UTC 2026","","","",""
"Test cases for TestStringEqual","0","TestStringEqual","","Thu Jun 04 03:29:42 UTC 2026","passed","Thu Jun 04 03:29:42 UTC 2026","","Go Test","github.com/specterops/bloodhound/cmd/api/src/database/types/null/TestStringEqual","TestStringEqual"
"","441","displays a validation error","ManagedDatePicker - date validation","Thu Jun 04 03:33:52 UTC 2026","passed","Thu Jun 04 03:33:52 UTC 2026","","","",""
"","2","prevents Sigma defaults events","preventAllDefaults","Thu Jun 04 03:37:27 UTC 2026","passed","Thu Jun 04 03:37:27 UTC 2026","","","",""
"","76","should render a navigation list item","MainNav","Thu Jun 04 03:33:18 UTC 2026","passed","Thu Jun 04 03:33:18 UTC 2026","","","",""
"Test cases for TestPasswordValidator","0","TestPasswordValidator","","Thu Jun 04 03:29:51 UTC 2026","passed","Thu Jun 04 03:29:51 UTC 2026","","Go Test","github.com/specterops/bloodhound/cmd/api/src/utils/validation/TestPasswordValidator","TestPasswordValidator"
"","75","should navigate to the correct page on alt + digit keydown","Keyboard shortcuts","Thu Jun 04 03:33:18 UTC 2026","passed","Thu Jun 04 03:33:18 UTC 2026","","","",""
"Test cases for TestGraphQuery_PrepareCypherQuery","54","TestGraphQuery_PrepareCypherQuery","","Thu Jun 04 03:29:44 UTC 2026","passed","Thu Jun 04 03:29:44 UTC 2026","","Go Test","github.com/specterops/bloodhound/cmd/api/src/queries/TestGraphQuery_PrepareCypherQuery","TestGraphQuery_PrepareCypherQuery"
"","2174","reverts to the default unselected state when the user de-selects the currently selected graph layout","GraphView","Thu Jun 04 03:36:45 UTC 2026","passed","Thu Jun 04 03:36:47 UTC 2026","","Layout selection and de-selection","",""
"","874","should display all available roles","CreateUserDialog","Thu Jun 04 03:31:38 UTC 2026","passed","Thu Jun 04 03:31:39 UTC 2026","","","",""
"Test cases for TestResources_UpdateAssetGroup","0","TestResources_UpdateAssetGroup","","Thu Jun 04 03:29:38 UTC 2026","passed","Thu Jun 04 03:29:38 UTC 2026","","Go Test","github.com/specterops/bloodhound/cmd/api/src/api/v2/TestResources_UpdateAssetGroup","TestResources_UpdateAssetGroup"
"","116","disables the JSON button if the JSON is empty","GraphControls","Thu Jun 04 03:31:02 UTC 2026","passed","Thu Jun 04 03:31:02 UTC 2026","","Exporting json","",""
"","2","should include all operations when the tag matches the term","opsFilter","Thu Jun 04 03:35:07 UTC 2026","passed","Thu Jun 04 03:35:07 UTC 2026","","","",""
"Test cases for TestMap","0","TestMap","","Thu Jun 04 03:29:57 UTC 2026","passed","Thu Jun 04 03:29:57 UTC 2026","","Go Test","github.com/specterops/bloodhound/packages/go/slicesext/TestMap","TestMap"
"Test cases for TestMaybeSubmitRelationshipUpdate","0","TestMaybeSubmitRelationshipUpdate","","Thu Jun 04 03:29:46 UTC 2026","passed","Thu Jun 04 03:29:46 UTC 2026","","Go Test","github.com/specterops/bloodhound/cmd/api/src/services/graphify/TestMaybeSubmitRelationshipUpdate","TestMaybeSubmitRelationshipUpdate"
"","316","calls onLayoutChange with the same layout when the currently selected option is clicked, enabling de-selection","GraphControls","Thu Jun 04 03:31:01 UTC 2026","passed","Thu Jun 04 03:31:01 UTC 2026","","Selecting a layout","",""
"Test cases for TestIngestGenericData_RegisterNodeKind","5","TestIngestGenericData_RegisterNodeKind","","Thu Jun 04 03:29:46 UTC 2026","passed","Thu Jun 04 03:29:46 UTC 2026","","Go Test","github.com/specterops/bloodhound/cmd/api/src/services/graphify/TestIngestGenericData_RegisterNodeKind","TestIngestGenericData_RegisterNodeKind"
"","145","renders with a selected icon","Glyph Select Dialog","Thu Jun 04 03:35:46 UTC 2026","passed","Thu Jun 04 03:35:46 UTC 2026","","","",""
"","7777","does not close explore search tab menu or entity info panel when search returns zero nodes","CypherSearch","Thu Jun 04 03:31:43 UTC 2026","passed","Thu Jun 04 03:31:51 UTC 2026","","Minimize explorer page elements when multiple nodes are returned","",""
"Test cases for TestTimeFrom","0","TestTimeFrom","","Thu Jun 04 03:29:42 UTC 2026","passed","Thu Jun 04 03:29:42 UTC 2026","","Go Test","github.com/specterops/bloodhound/cmd/api/src/database/types/null/TestTimeFrom","TestTimeFrom"
"","67","sets primarySearch, searchType, exploreSearchTab in URL params when the click handler is executed","useEdgeInfoItems","Thu Jun 04 03:34:20 UTC 2026","passed","Thu Jun 04 03:34:20 UTC 2026","","","",""
"","672","has status filters","FileIngestFilterDialog","Thu Jun 04 03:32:25 UTC 2026","passed","Thu Jun 04 03:32:26 UTC 2026","","Status Select","",""
"Test cases for TestResources_ShareSavedQueriesPermissions_NonAdmin","8","TestResources_ShareSavedQueriesPermissions_NonAdmin","","Thu Jun 04 03:29:39 UTC 2026","passed","Thu Jun 04 03:29:39 UTC 2026","","Go Test","github.com/specterops/bloodhound/cmd/api/src/api/v2/TestResources_ShareSavedQueriesPermissions_NonAdmin","TestResources_ShareSavedQueriesPermissions_NonAdmin"
"","2","does not overwrite an existing localStorage value with initialValue","useLocalStorage","Thu Jun 04 03:33:18 UTC 2026","passed","Thu Jun 04 03:33:18 UTC 2026","","initial value","",""
"","706","should render","CypherSearch","Thu Jun 04 03:31:33 UTC 2026","passed","Thu Jun 04 03:31:34 UTC 2026","","","",""
"","384","renders the Rule Tab content when Rule tab is chosen","Selected Details Tab Content","Thu Jun 04 03:35:20 UTC 2026","passed","Thu Jun 04 03:35:21 UTC 2026","","","",""
"","2","does not add optional filters if not present","createHistoryParams","Thu Jun 04 03:35:14 UTC 2026","passed","Thu Jun 04 03:35:14 UTC 2026","","","",""
"Test cases for TestResources_GetAnalysisRequest","0","TestResources_GetAnalysisRequest","","Thu Jun 04 03:29:38 UTC 2026","passed","Thu Jun 04 03:29:38 UTC 2026","","Go Test","github.com/specterops/bloodhound/cmd/api/src/api/v2/TestResources_GetAnalysisRequest","TestResources_GetAnalysisRequest"
"","10","should not render a Field when the provided value is """"","Field","Thu Jun 04 03:35:36 UTC 2026","passed","Thu Jun 04 03:35:36 UTC 2026","","","",""
"","128","initializes search tab to the exploreSearchTab on initial render","ExploreSearch sets searchType on tab changing","Thu Jun 04 03:36:49 UTC 2026","passed","Thu Jun 04 03:36:49 UTC 2026","","","",""
"","1011","renders a link to the explore page when member is clicked","GroupManagement","Thu Jun 04 03:37:08 UTC 2026","passed","Thu Jun 04 03:37:09 UTC 2026","","","",""
"","90","renders citrix config controls","BloodHoundConfiguration","Thu Jun 04 03:37:28 UTC 2026","passed","Thu Jun 04 03:37:28 UTC 2026","","","",""
"Test cases for TestWriteAndValidateFileWithPrefix","1","TestWriteAndValidateFileWithPrefix","","Thu Jun 04 03:29:48 UTC 2026","passed","Thu Jun 04 03:29:48 UTC 2026","","Go Test","github.com/specterops/bloodhound/cmd/api/src/services/upload/TestWriteAndValidateFileWithPrefix","TestWriteAndValidateFileWithPrefix"
"","11","returns all collected environment ids associated to a given aggregation","getEnvironmentAggregationIds","Thu Jun 04 03:31:05 UTC 2026","passed","Thu Jun 04 03:31:05 UTC 2026","","","",""
"","75","should render a Field when the provided value is false","Field","Thu Jun 04 03:35:36 UTC 2026","passed","Thu Jun 04 03:35:36 UTC 2026","","","",""
"Test cases for TestBuildErrorResponseDefault","0","TestBuildErrorResponseDefault","","Thu Jun 04 03:29:28 UTC 2026","passed","Thu Jun 04 03:29:28 UTC 2026","","Go Test","github.com/specterops/bloodhound/cmd/api/src/api/TestBuildErrorResponseDefault","TestBuildErrorResponseDefault"
"Test cases for TestManagementResource_SAMLCallbackRedirect","15","TestManagementResource_SAMLCallbackRedirect","","Thu Jun 04 03:30:14 UTC 2026","passed","Thu Jun 04 03:30:14 UTC 2026","","Go Test","github.com/specterops/bloodhound/cmd/api/src/api/v2/auth/TestManagementResource_SAMLCallbackRedirect","TestManagementResource_SAMLCallbackRedirect"
"","1649","renders a table if the query has NO node edges","GraphView","Thu Jun 04 03:36:39 UTC 2026","passed","Thu Jun 04 03:36:41 UTC 2026","","","",""
"","0","returns true if value is null","searchParams","Thu Jun 04 03:34:36 UTC 2026","passed","Thu Jun 04 03:34:36 UTC 2026","","isEmptyParam","",""
"Test cases for TestBuildGDBNodeFilter","7","TestBuildGDBNodeFilter","","Thu Jun 04 03:29:43 UTC 2026","passed","Thu Jun 04 03:29:43 UTC 2026","","Go Test","github.com/specterops/bloodhound/cmd/api/src/model/TestBuildGDBNodeFilter","TestBuildGDBNodeFilter"
"Test cases for TestCreateAssetGroupRequest_AuditData","0","TestCreateAssetGroupRequest_AuditData","","Thu Jun 04 03:29:38 UTC 2026","passed","Thu Jun 04 03:29:38 UTC 2026","","Go Test","github.com/specterops/bloodhound/cmd/api/src/api/v2/TestCreateAssetGroupRequest_AuditData","TestCreateAssetGroupRequest_AuditData"
"Helper to verify that encodeAnyValue handles standard types correctly","0","TestEncodeAnyValue","","Thu Jun 04 03:29:46 UTC 2026","passed","Thu Jun 04 03:29:46 UTC 2026","","Go Test","github.com/specterops/bloodhound/cmd/api/src/services/graphify/endpoint/TestEncodeAnyValue","TestEncodeAnyValue"
"","275","calls onChange with initial default columns when ""Reset Default"" is clicked","ManageColumnsComboBox","Thu Jun 04 03:32:48 UTC 2026","passed","Thu Jun 04 03:32:48 UTC 2026","","","",""
"","0","should handle an entity that has an empty name property","Evaluating the entity display name from a given entity","Thu Jun 04 03:32:53 UTC 2026","passed","Thu Jun 04 03:32:53 UTC 2026","","","",""
"Test cases for TestResources_ListPublishedToCAs","0","TestResources_ListPublishedToCAs","","Thu Jun 04 03:29:38 UTC 2026","passed","Thu Jun 04 03:29:38 UTC 2026","","Go Test","github.com/specterops/bloodhound/cmd/api/src/api/v2/TestResources_ListPublishedToCAs","TestResources_ListPublishedToCAs"
"","2","removes the key when undefined is passed to the setter","useLocalStorage","Thu Jun 04 03:33:18 UTC 2026","passed","Thu Jun 04 03:33:18 UTC 2026","","setValue","",""
"Test cases for TestSignRequestAtInternalError","0","TestSignRequestAtInternalError","","Thu Jun 04 03:29:28 UTC 2026","passed","Thu Jun 04 03:29:28 UTC 2026","","Go Test","github.com/specterops/bloodhound/cmd/api/src/api/TestSignRequestAtInternalError","TestSignRequestAtInternalError"
"","987","should render","ExploreSearch rendering per tab","Thu Jun 04 03:36:45 UTC 2026","passed","Thu Jun 04 03:36:46 UTC 2026","","","",""
"","277","renders the Columns trigger button","ManageColumnsComboBox","Thu Jun 04 03:32:46 UTC 2026","passed","Thu Jun 04 03:32:46 UTC 2026","","","",""
"","0","returns paramValue as EnvironmentAggregation if paramValue is active-directory","useEnvironmentParams","Thu Jun 04 03:36:11 UTC 2026","passed","Thu Jun 04 03:36:11 UTC 2026","","parseEnvironmentAggregation","",""
"Test cases for TestURLJoinPathEscapesSlashes","0","TestURLJoinPathEscapesSlashes","","Thu Jun 04 03:29:28 UTC 2026","passed","Thu Jun 04 03:29:28 UTC 2026","","Go Test","github.com/specterops/bloodhound/cmd/api/src/api/TestURLJoinPathEscapesSlashes","TestURLJoinPathEscapesSlashes"
"","400","toggles a source kind on with all nested graph data options","GraphDataCheckboxes","Thu Jun 04 03:32:10 UTC 2026","passed","Thu Jun 04 03:32:10 UTC 2026","","","",""
"Test cases for TestResources_DeleteSavedQuery_DeleteError","0","TestResources_DeleteSavedQuery_DeleteError","","Thu Jun 04 03:29:39 UTC 2026","passed","Thu Jun 04 03:29:39 UTC 2026","","Go Test","github.com/specterops/bloodhound/cmd/api/src/api/v2/TestResources_DeleteSavedQuery_DeleteError","TestResources_DeleteSavedQuery_DeleteError"
"","17","navigates to the specified route with global params intact when triggered by a splat route","AppNavigate","Thu Jun 04 03:34:54 UTC 2026","passed","Thu Jun 04 03:34:54 UTC 2026","","","",""
"","15","renders custom icon overlap correctly","NodeIcon","Thu Jun 04 03:35:30 UTC 2026","passed","Thu Jun 04 03:35:30 UTC 2026","","","",""
"Test cases for TestStringPointer","0","TestStringPointer","","Thu Jun 04 03:29:42 UTC 2026","passed","Thu Jun 04 03:29:42 UTC 2026","","Go Test","github.com/specterops/bloodhound/cmd/api/src/database/types/null/TestStringPointer","TestStringPointer"
"","1","If for some reason the node size is not defined return 1 as a default","getNodeRadius","Thu Jun 04 03:37:16 UTC 2026","passed","Thu Jun 04 03:37:16 UTC 2026","","","",""
"Test cases for TestMarshalFloatText","0","TestMarshalFloatText","","Thu Jun 04 03:29:42 UTC 2026","passed","Thu Jun 04 03:29:42 UTC 2026","","Go Test","github.com/specterops/bloodhound/cmd/api/src/database/types/null/TestMarshalFloatText","TestMarshalFloatText"
"Test cases for TestHasValidRolesForETAC","0","TestHasValidRolesForETAC","","Thu Jun 04 03:29:39 UTC 2026","passed","Thu Jun 04 03:29:39 UTC 2026","","Go Test","github.com/specterops/bloodhound/cmd/api/src/api/v2/auth/TestHasValidRolesForETAC","TestHasValidRolesForETAC"
"","608","filters by the selected date range","FileIngestFilterDialog","Thu Jun 04 03:32:28 UTC 2026","passed","Thu Jun 04 03:32:28 UTC 2026","","Date Range Inputs","",""
"","321","on clicking switch shows modal and when clicking cancel closes it and switch stays disabled","CitrixRDPConfiguration","Thu Jun 04 03:33:05 UTC 2026","passed","Thu Jun 04 03:33:06 UTC 2026","","Click on switch to enable","",""
"Test cases for TestBoolIsZero","1","TestBoolIsZero","","Thu Jun 04 03:29:42 UTC 2026","passed","Thu Jun 04 03:29:42 UTC 2026","","Go Test","github.com/specterops/bloodhound/cmd/api/src/database/types/null/TestBoolIsZero","TestBoolIsZero"
"","371","Selecting an edge with a Computer target node that haslaps is enabled shows correct Windows Abuse text","EdgeInfoContent","Thu Jun 04 03:31:11 UTC 2026","passed","Thu Jun 04 03:31:11 UTC 2026","","","",""
"","509","displays default text for domain selector when globalDomain is null","GroupManagement","Thu Jun 04 03:37:05 UTC 2026","passed","Thu Jun 04 03:37:06 UTC 2026","","","",""
"Test cases for TestGetADDataQualityStats_Failure","0","TestGetADDataQualityStats_Failure","","Thu Jun 04 03:29:38 UTC 2026","passed","Thu Jun 04 03:29:38 UTC 2026","","Go Test","github.com/specterops/bloodhound/cmd/api/src/api/v2/TestGetADDataQualityStats_Failure","TestGetADDataQualityStats_Failure"
"Test cases for TestResources_ListAuditLogs_DBError","0","TestResources_ListAuditLogs_DBError","","Thu Jun 04 03:29:38 UTC 2026","passed","Thu Jun 04 03:29:38 UTC 2026","","Go Test","github.com/specterops/bloodhound/cmd/api/src/api/v2/TestResources_ListAuditLogs_DBError","TestResources_ListAuditLogs_DBError"
"","109","should call onLoginViaSAML when login via sso button clicked","LoginForm","Thu Jun 04 03:35:30 UTC 2026","passed","Thu Jun 04 03:35:30 UTC 2026","","","",""
"Test cases for TestResources_ListSourceKinds","112","TestResources_ListSourceKinds","","Thu Jun 04 03:29:39 UTC 2026","passed","Thu Jun 04 03:29:39 UTC 2026","","Go Test","github.com/specterops/bloodhound/cmd/api/src/api/v2/TestResources_ListSourceKinds","TestResources_ListSourceKinds"
"","0","filters by collected=false when ""no"" filter is active","filterAndSearchEnvironments","Thu Jun 04 03:31:05 UTC 2026","passed","Thu Jun 04 03:31:05 UTC 2026","","collected filters","",""
"","138","Should display headers for member name and count","AssetGroupMemberList","Thu Jun 04 03:35:24 UTC 2026","passed","Thu Jun 04 03:35:24 UTC 2026","","","",""
"Test cases for TestOrphanFileSweeper_Clear","2","TestOrphanFileSweeper_Clear","","Thu Jun 04 03:29:40 UTC 2026","passed","Thu Jun 04 03:29:40 UTC 2026","","Go Test","github.com/specterops/bloodhound/cmd/api/src/daemons/datapipe/TestOrphanFileSweeper_Clear","TestOrphanFileSweeper_Clear"
"","135","renders Zone as first tab and is also the initially selected on first render in Zone View/Tab","Selected Details Tabs","Thu Jun 04 03:33:24 UTC 2026","passed","Thu Jun 04 03:33:24 UTC 2026","","Selected Details Tabs - Params present","",""
"","2","The node radius is adjusted for nodes that have their ""highlighted"" property set to true since the highlight adds some padding","getNodeRadius","Thu Jun 04 03:37:16 UTC 2026","passed","Thu Jun 04 03:37:16 UTC 2026","","","",""
"","229","calls onResetColumnSize when ""Reset Size"" is clicked","ManageColumnsComboBox","Thu Jun 04 03:32:48 UTC 2026","passed","Thu Jun 04 03:32:48 UTC 2026","","","",""
"","2233","should render search input","Pathfinding","Thu Jun 04 03:31:19 UTC 2026","passed","Thu Jun 04 03:31:22 UTC 2026","","","",""
"Test cases for TestManagementResource_GetPermission","29124","TestManagementResource_GetPermission","","Thu Jun 04 03:29:45 UTC 2026","passed","Thu Jun 04 03:30:14 UTC 2026","","Go Test","github.com/specterops/bloodhound/cmd/api/src/api/v2/auth/TestManagementResource_GetPermission","TestManagementResource_GetPermission"
"","65","fails checks if the user does not have a matching permission","usePermissions","Thu Jun 04 03:33:05 UTC 2026","passed","Thu Jun 04 03:33:05 UTC 2026","","","",""
"","85","renders enabled prop when flag is enabled","FeatureFlag","Thu Jun 04 03:35:06 UTC 2026","passed","Thu Jun 04 03:35:06 UTC 2026","","","",""
"","0","escapes a backslash","escapeCypherString","Thu Jun 04 03:36:05 UTC 2026","passed","Thu Jun 04 03:36:05 UTC 2026","","","",""
"","0","filters by user-provided platform","filterAndSearchEnvironments","Thu Jun 04 03:31:05 UTC 2026","passed","Thu Jun 04 03:31:05 UTC 2026","","platform filters","",""
"","2118","should clear out the sso provider id from submission data when the authentication method is changed","UpdateUserDialog","Thu Jun 04 03:32:02 UTC 2026","passed","Thu Jun 04 03:32:04 UTC 2026","","","",""
"","149","calls onConfirm when confirm button clicked","EarlyAccessFeaturesWarningDialog","Thu Jun 04 03:37:23 UTC 2026","passed","Thu Jun 04 03:37:23 UTC 2026","","","",""
"","9","reads and parses an existing value from localStorage","useLocalStorage","Thu Jun 04 03:33:18 UTC 2026","passed","Thu Jun 04 03:33:18 UTC 2026","","initial value","",""
"","695","displays correct content based on platform filter AD","CommonSearches","Thu Jun 04 03:32:50 UTC 2026","passed","Thu Jun 04 03:32:51 UTC 2026","","","",""
"Test cases for TestConvertDomainToNode_InheritanceHashes","0","TestConvertDomainToNode_InheritanceHashes","","Thu Jun 04 03:29:56 UTC 2026","passed","Thu Jun 04 03:29:56 UTC 2026","","Go Test","github.com/specterops/bloodhound/packages/go/ein/TestConvertDomainToNode_InheritanceHashes","TestConvertDomainToNode_InheritanceHashes"
"","307","sets a secondary=id and searchType=pathfinding when primary is truethy","ContextMenu","Thu Jun 04 03:32:40 UTC 2026","passed","Thu Jun 04 03:32:41 UTC 2026","","","",""
"","137","renders delete buttons for each extension","ActiveExtensionsCard","Thu Jun 04 03:31:11 UTC 2026","passed","Thu Jun 04 03:31:11 UTC 2026","","","",""
"","37","does not add a query param if the search term is empty","useNodeSearch","Thu Jun 04 03:35:14 UTC 2026","passed","Thu Jun 04 03:35:14 UTC 2026","","","",""
"Test cases for TestJSONFloat_UnmarshalJSON_NaN","0","TestJSONFloat_UnmarshalJSON_NaN","","Thu Jun 04 03:29:42 UTC 2026","passed","Thu Jun 04 03:29:42 UTC 2026","","Go Test","github.com/specterops/bloodhound/cmd/api/src/database/types/nan/TestJSONFloat_UnmarshalJSON_NaN","TestJSONFloat_UnmarshalJSON_NaN"
"Test cases for TestResources_GetRootCAEntityInfo","289","TestResources_GetRootCAEntityInfo","","Thu Jun 04 03:29:38 UTC 2026","passed","Thu Jun 04 03:29:39 UTC 2026","","Go Test","github.com/specterops/bloodhound/cmd/api/src/api/v2/TestResources_GetRootCAEntityInfo","TestResources_GetRootCAEntityInfo"
"Test cases for TestUnmarshalInt","0","TestUnmarshalInt","","Thu Jun 04 03:29:42 UTC 2026","passed","Thu Jun 04 03:29:42 UTC 2026","","Go Test","github.com/specterops/bloodhound/cmd/api/src/database/types/null/TestUnmarshalInt","TestUnmarshalInt"
"","784","renders a button that expands the filter section","AssetGroupEdit","Thu Jun 04 03:32:57 UTC 2026","passed","Thu Jun 04 03:32:58 UTC 2026","","","",""
"","300","clears selected item when pathfinding search returns results","GraphView","Thu Jun 04 03:36:42 UTC 2026","passed","Thu Jun 04 03:36:42 UTC 2026","","","",""
"Test cases for Test_NewRequestSignature","0","Test_NewRequestSignature","","Thu Jun 04 03:29:27 UTC 2026","passed","Thu Jun 04 03:29:27 UTC 2026","","Go Test","github.com/specterops/bloodhound/cmd/api/src/api/Test_NewRequestSignature","Test_NewRequestSignature"
"","0","returns false if value is {}","searchParams","Thu Jun 04 03:34:36 UTC 2026","passed","Thu Jun 04 03:34:36 UTC 2026","","isEmptyParam","",""
"","351","renders analyze now section","AnalyzeNowConfiguration","Thu Jun 04 03:33:18 UTC 2026","passed","Thu Jun 04 03:33:19 UTC 2026","","","",""
"Test cases for Test_convertGraphExtensionPayloadToGraphExtension","0","Test_convertGraphExtensionPayloadToGraphExtension","","Thu Jun 04 03:29:38 UTC 2026","passed","Thu Jun 04 03:29:38 UTC 2026","","Go Test","github.com/specterops/bloodhound/cmd/api/src/api/v2/Test_convertGraphExtensionPayloadToGraphExtension","Test_convertGraphExtensionPayloadToGraphExtension"
"","13","removes a notification","AppNotifications","Thu Jun 04 03:34:52 UTC 2026","passed","Thu Jun 04 03:34:52 UTC 2026","","","",""
"","23","sets autoDisplayTable to false if query type is relationship","useExploreTableAutoDisplay","Thu Jun 04 03:35:02 UTC 2026","passed","Thu Jun 04 03:35:02 UTC 2026","","","",""
"Test cases for TestQueries_BuildEntityQueryParams_DataTypeCount","0","TestQueries_BuildEntityQueryParams_DataTypeCount","","Thu Jun 04 03:29:44 UTC 2026","passed","Thu Jun 04 03:29:44 UTC 2026","","Go Test","github.com/specterops/bloodhound/cmd/api/src/queries/TestQueries_BuildEntityQueryParams_DataTypeCount","TestQueries_BuildEntityQueryParams_DataTypeCount"
"Test cases for TestTextUnmarshalFloat","0","TestTextUnmarshalFloat","","Thu Jun 04 03:29:42 UTC 2026","passed","Thu Jun 04 03:29:42 UTC 2026","","Go Test","github.com/specterops/bloodhound/cmd/api/src/database/types/null/TestTextUnmarshalFloat","TestTextUnmarshalFloat"
"","0","returns false if value is 'string'","searchParams","Thu Jun 04 03:34:36 UTC 2026","passed","Thu Jun 04 03:34:36 UTC 2026","","isEmptyParam","",""
"Test cases for TestResources_ListADEntityPSRemoteRights","0","TestResources_ListADEntityPSRemoteRights","","Thu Jun 04 03:29:38 UTC 2026","passed","Thu Jun 04 03:29:38 UTC 2026","","Go Test","github.com/specterops/bloodhound/cmd/api/src/api/v2/TestResources_ListADEntityPSRemoteRights","TestResources_ListADEntityPSRemoteRights"
"","480","renders icons as expected","DropdownSelector","Thu Jun 04 03:34:49 UTC 2026","passed","Thu Jun 04 03:34:49 UTC 2026","","","",""
"","173","opens when keyboard shortcut is pressed","GraphControls","Thu Jun 04 03:31:03 UTC 2026","passed","Thu Jun 04 03:31:03 UTC 2026","","Searching current results","",""
"","76","should display the logged in user's role","UserProfile","Thu Jun 04 03:33:12 UTC 2026","passed","Thu Jun 04 03:33:12 UTC 2026","","","",""
"","13","can composes search params from the search prop and use them in the redirect","AppNavigate","Thu Jun 04 03:34:54 UTC 2026","passed","Thu Jun 04 03:34:54 UTC 2026","","","",""
"Test cases for TestResources_ListAuditLogs_SortingError","0","TestResources_ListAuditLogs_SortingError","","Thu Jun 04 03:29:38 UTC 2026","passed","Thu Jun 04 03:29:38 UTC 2026","","Go Test","github.com/specterops/bloodhound/cmd/api/src/api/v2/TestResources_ListAuditLogs_SortingError","TestResources_ListAuditLogs_SortingError"
"","85","should hide Environmental Targeted Access Control panel when showEnvironmentAccessControls prop is false","CreateUserForm","Thu Jun 04 03:31:21 UTC 2026","passed","Thu Jun 04 03:31:21 UTC 2026","","","",""
"Test cases for TestGetMFAActivationStatus_Failure","0","TestGetMFAActivationStatus_Failure","","Thu Jun 04 03:30:12 UTC 2026","passed","Thu Jun 04 03:30:12 UTC 2026","","Go Test","github.com/specterops/bloodhound/cmd/api/src/api/v2/auth/TestGetMFAActivationStatus_Failure","TestGetMFAActivationStatus_Failure"
"Test cases for TestResources_ListADComputerAdmins","0","TestResources_ListADComputerAdmins","","Thu Jun 04 03:29:38 UTC 2026","passed","Thu Jun 04 03:29:38 UTC 2026","","Go Test","github.com/specterops/bloodhound/cmd/api/src/api/v2/TestResources_ListADComputerAdmins","TestResources_ListADComputerAdmins"
"Test cases for TestRewriter_Enter_UpdatingClauseSetsHasMutation","0","TestRewriter_Enter_UpdatingClauseSetsHasMutation","","Thu Jun 04 03:29:44 UTC 2026","passed","Thu Jun 04 03:29:44 UTC 2026","","Go Test","github.com/specterops/bloodhound/cmd/api/src/queries/TestRewriter_Enter_UpdatingClauseSetsHasMutation","TestRewriter_Enter_UpdatingClauseSetsHasMutation"
"","0","filters by azure platform","filterAndSearchEnvironments","Thu Jun 04 03:31:05 UTC 2026","passed","Thu Jun 04 03:31:05 UTC 2026","","platform filters","",""
"Test cases for TestSIDSuffix_String","1","TestSIDSuffix_String","","Thu Jun 04 03:29:55 UTC 2026","passed","Thu Jun 04 03:29:55 UTC 2026","","Go Test","github.com/specterops/bloodhound/packages/go/analysis/ad/wellknown/TestSIDSuffix_String","TestSIDSuffix_String"
"Test cases for Test_filterAndFormatSearchResults_includeOpenGraphNodes","0","Test_filterAndFormatSearchResults_includeOpenGraphNodes","","Thu Jun 04 03:29:38 UTC 2026","passed","Thu Jun 04 03:29:38 UTC 2026","","Go Test","github.com/specterops/bloodhound/cmd/api/src/api/v2/Test_filterAndFormatSearchResults_includeOpenGraphNodes","Test_filterAndFormatSearchResults_includeOpenGraphNodes"
"Test cases for TestPermissionsCheckAll","2","TestPermissionsCheckAll","","Thu Jun 04 03:29:32 UTC 2026","passed","Thu Jun 04 03:29:32 UTC 2026","","Go Test","github.com/specterops/bloodhound/cmd/api/src/api/middleware/TestPermissionsCheckAll","TestPermissionsCheckAll"
"Test cases for TestManagementResource_CreateOIDCProvider","1","TestManagementResource_CreateOIDCProvider","","Thu Jun 04 03:30:14 UTC 2026","passed","Thu Jun 04 03:30:14 UTC 2026","","Go Test","github.com/specterops/bloodhound/cmd/api/src/api/v2/auth/TestManagementResource_CreateOIDCProvider","TestManagementResource_CreateOIDCProvider"
"Test cases for TestRewriter_Enter_CombinedAzureAndADShortcut_ConcatenatesKinds","1","TestRewriter_Enter_CombinedAzureAndADShortcut_ConcatenatesKinds","","Thu Jun 04 03:29:44 UTC 2026","passed","Thu Jun 04 03:29:44 UTC 2026","","Go Test","github.com/specterops/bloodhound/cmd/api/src/queries/TestRewriter_Enter_CombinedAzureAndADShortcut_ConcatenatesKinds","TestRewriter_Enter_CombinedAzureAndADShortcut_ConcatenatesKinds"
"","0","runs a cypher search when the query param is set to ""cypher""","useExploreGraph","Thu Jun 04 03:32:07 UTC 2026","passed","Thu Jun 04 03:32:07 UTC 2026","","exploreGraphQueryFactory","",""
"","231","should render a nav element with logo, two lists, a version number and a powered by","MainNav","Thu Jun 04 03:33:17 UTC 2026","passed","Thu Jun 04 03:33:18 UTC 2026","","","",""
"","6378","Typing in the search bar filters the results","ExploreTable","Thu Jun 04 03:30:44 UTC 2026","passed","Thu Jun 04 03:30:50 UTC 2026","","","",""
"Test cases for TestResources_GetPermissionsForSavedQuery","76","TestResources_GetPermissionsForSavedQuery","","Thu Jun 04 03:29:39 UTC 2026","passed","Thu Jun 04 03:29:39 UTC 2026","","Go Test","github.com/specterops/bloodhound/cmd/api/src/api/v2/TestResources_GetPermissionsForSavedQuery","TestResources_GetPermissionsForSavedQuery"
"Test cases for TestParseAssetGroupTagIdParams","378","TestParseAssetGroupTagIdParams","","Thu Jun 04 03:29:27 UTC 2026","passed","Thu Jun 04 03:29:28 UTC 2026","","Go Test","github.com/specterops/bloodhound/cmd/api/src/api/TestParseAssetGroupTagIdParams","TestParseAssetGroupTagIdParams"
"","11","should not render a Field when the provided value is []","Field","Thu Jun 04 03:35:36 UTC 2026","passed","Thu Jun 04 03:35:36 UTC 2026","","","",""
"Test cases for Test_NewSpec","0","Test_NewSpec","","Thu Jun 04 03:29:57 UTC 2026","passed","Thu Jun 04 03:29:57 UTC 2026","","Go Test","github.com/specterops/bloodhound/packages/go/lab/Test_NewSpec","Test_NewSpec"
"Test cases for TestActivateMFA_Success","661","TestActivateMFA_Success","","Thu Jun 04 03:30:13 UTC 2026","passed","Thu Jun 04 03:30:14 UTC 2026","","Go Test","github.com/specterops/bloodhound/cmd/api/src/api/v2/auth/TestActivateMFA_Success","TestActivateMFA_Success"
"","274","should fire ""onClose"" once","UserTokenManagementDialog","Thu Jun 04 03:32:36 UTC 2026","passed","Thu Jun 04 03:32:36 UTC 2026","","when user clicks ""Close"" button","",""
"","181","sums nested section node counts","EntityInfoDataTableGraphed","Thu Jun 04 03:33:09 UTC 2026","passed","Thu Jun 04 03:33:09 UTC 2026","","Node count for nested table that counts all sections","",""
"","302","fires click handlers","ConfirmDeleteQueryDialog","Thu Jun 04 03:36:05 UTC 2026","passed","Thu Jun 04 03:36:05 UTC 2026","","","",""
"Test cases for TestInt64From","0","TestInt64From","","Thu Jun 04 03:29:42 UTC 2026","passed","Thu Jun 04 03:29:42 UTC 2026","","Go Test","github.com/specterops/bloodhound/cmd/api/src/database/types/null/TestInt64From","TestInt64From"
"","109","renders a filter button","FileIngestFilterDialog","Thu Jun 04 03:32:24 UTC 2026","passed","Thu Jun 04 03:32:24 UTC 2026","","","",""
"Test cases for TestGetScheme","0","TestGetScheme","","Thu Jun 04 03:29:32 UTC 2026","passed","Thu Jun 04 03:29:32 UTC 2026","","Go Test","github.com/specterops/bloodhound/cmd/api/src/api/middleware/TestGetScheme","TestGetScheme"
"","144","does not make feature-flag request if user is not fully authenticated","app","Thu Jun 04 03:37:14 UTC 2026","passed","Thu Jun 04 03:37:14 UTC 2026","","<Inner />","",""
"","75","navigates to the specified route with global params intact","AppNavigate","Thu Jun 04 03:34:54 UTC 2026","passed","Thu Jun 04 03:34:54 UTC 2026","","","",""
"","0","filters by active-directory platform","filterAndSearchEnvironments","Thu Jun 04 03:31:05 UTC 2026","passed","Thu Jun 04 03:31:05 UTC 2026","","platform filters","",""
"Test cases for TestTimeScanValue","0","TestTimeScanValue","","Thu Jun 04 03:29:42 UTC 2026","passed","Thu Jun 04 03:29:42 UTC 2026","","Go Test","github.com/specterops/bloodhound/cmd/api/src/database/types/null/TestTimeScanValue","TestTimeScanValue"
"Test cases for TestCreateUser_ResetPassword","1416","TestCreateUser_ResetPassword","","Thu Jun 04 03:29:51 UTC 2026","passed","Thu Jun 04 03:29:52 UTC 2026","","Go Test","github.com/specterops/bloodhound/cmd/api/src/api/v2/auth/TestCreateUser_ResetPassword","TestCreateUser_ResetPassword"
"","1851","disables the user actions menu when the user is auditor role","Users","Thu Jun 04 03:32:19 UTC 2026","passed","Thu Jun 04 03:32:21 UTC 2026","","","",""
"","2","EXTENDED ROUNDING when thresholds are set: abbreviates hundred-thousands, millions, billions, trillions as expected","numberFormatting","Thu Jun 04 03:33:58 UTC 2026","passed","Thu Jun 04 03:33:58 UTC 2026","","","",""
"","2632","when user performs a pathfinding search, and then clicks the swap button, the start and destination inputs are swapped","Pathfinding: interaction","Thu Jun 04 03:33:26 UTC 2026","passed","Thu Jun 04 03:33:28 UTC 2026","","","",""
"Test cases for TestManagementResource_ListPermissions_DBError","0","TestManagementResource_ListPermissions_DBError","","Thu Jun 04 03:29:45 UTC 2026","passed","Thu Jun 04 03:29:45 UTC 2026","","Go Test","github.com/specterops/bloodhound/cmd/api/src/api/v2/auth/TestManagementResource_ListPermissions_DBError","TestManagementResource_ListPermissions_DBError"
"","3","formats the date string","toFormatted","Thu Jun 04 03:35:26 UTC 2026","passed","Thu Jun 04 03:35:26 UTC 2026","","","",""
"","775","clears the applied filter","FileIngestFilterDialog","Thu Jun 04 03:32:27 UTC 2026","passed","Thu Jun 04 03:32:27 UTC 2026","","Status Select","",""
"Test cases for TestTracker_HasEdge_PropertyMismatchTriggersInsert","0","TestTracker_HasEdge_PropertyMismatchTriggersInsert","","Thu Jun 04 03:29:55 UTC 2026","passed","Thu Jun 04 03:29:55 UTC 2026","","Go Test","github.com/specterops/bloodhound/packages/go/analysis/post/TestTracker_HasEdge_PropertyMismatchTriggersInsert","TestTracker_HasEdge_PropertyMismatchTriggersInsert"
"Test cases for TestNormalizeEinNodeProperties","0","TestNormalizeEinNodeProperties","","Thu Jun 04 03:29:46 UTC 2026","passed","Thu Jun 04 03:29:46 UTC 2026","","Go Test","github.com/specterops/bloodhound/cmd/api/src/services/graphify/TestNormalizeEinNodeProperties","TestNormalizeEinNodeProperties"
"","69","List Display Roles Hook is Loading","useListDisplayRoles","Thu Jun 04 03:32:34 UTC 2026","passed","Thu Jun 04 03:32:34 UTC 2026","","","",""
"","195","should display api key management button","Api Keys","Thu Jun 04 03:33:14 UTC 2026","passed","Thu Jun 04 03:33:14 UTC 2026","","","",""
"","18","selector members refetches on sort change","the useAssetGroupTags utilities","Thu Jun 04 03:32:42 UTC 2026","passed","Thu Jun 04 03:32:42 UTC 2026","","","",""
"","236","should display ""Disable Multi-Factor Authentication"" button","Enable2FADialog","Thu Jun 04 03:34:42 UTC 2026","passed","Thu Jun 04 03:34:42 UTC 2026","","","",""
"","104","takes the param appendQueryKey and will append that value to the existing queryKey","useAvailableEnvironments","Thu Jun 04 03:33:35 UTC 2026","passed","Thu Jun 04 03:33:35 UTC 2026","","useAvailableEnvironments","",""
"","713","should render","ExploreTable","Thu Jun 04 03:30:35 UTC 2026","passed","Thu Jun 04 03:30:36 UTC 2026","","","",""
"","398","should render","OneTimePasscodeForm","Thu Jun 04 03:35:20 UTC 2026","passed","Thu Jun 04 03:35:20 UTC 2026","","","",""
"","12696","checking a category updates all children and grandchildren","Pathfinding","Thu Jun 04 03:31:29 UTC 2026","passed","Thu Jun 04 03:31:41 UTC 2026","","","",""
"Test cases for Test_UseHarness","0","Test_UseHarness","","Thu Jun 04 03:29:57 UTC 2026","passed","Thu Jun 04 03:29:57 UTC 2026","","Go Test","github.com/specterops/bloodhound/packages/go/lab/Test_UseHarness","Test_UseHarness"
"Test cases for TestResources_ListAcceptedFileUploadTypes","0","TestResources_ListAcceptedFileUploadTypes","","Thu Jun 04 03:29:39 UTC 2026","passed","Thu Jun 04 03:29:39 UTC 2026","","Go Test","github.com/specterops/bloodhound/cmd/api/src/api/v2/TestResources_ListAcceptedFileUploadTypes","TestResources_ListAcceptedFileUploadTypes"
"","384","renders an empty message for the entity panel before a node is selected","GroupManagement","Thu Jun 04 03:37:07 UTC 2026","passed","Thu Jun 04 03:37:07 UTC 2026","","","",""
"Test cases for TestCORSMiddleware","0","TestCORSMiddleware","","Thu Jun 04 03:29:32 UTC 2026","passed","Thu Jun 04 03:29:32 UTC 2026","","Go Test","github.com/specterops/bloodhound/cmd/api/src/api/middleware/TestCORSMiddleware","TestCORSMiddleware"
"","559","should accept passwords with standard special characters","CreateUserForm","Thu Jun 04 03:31:21 UTC 2026","passed","Thu Jun 04 03:31:22 UTC 2026","","","",""
"","435","handles removing from a tier zero asset group","AssetGroupMenuItem","Thu Jun 04 03:36:38 UTC 2026","passed","Thu Jun 04 03:36:38 UTC 2026","","removing from an asset group","",""
"Test cases for TestReadRFC3339","0","TestReadRFC3339","","Thu Jun 04 03:29:50 UTC 2026","passed","Thu Jun 04 03:29:50 UTC 2026","","Go Test","github.com/specterops/bloodhound/cmd/api/src/utils/TestReadRFC3339","TestReadRFC3339"
"","367","sets secondarySearch=id and searchType=node when primarySearch is falsey","ContextMenu","Thu Jun 04 03:36:58 UTC 2026","passed","Thu Jun 04 03:36:58 UTC 2026","","","",""
"","108","collapses an open item when its header is clicked again","<DetailsAccordion />","Thu Jun 04 03:32:45 UTC 2026","passed","Thu Jun 04 03:32:45 UTC 2026","","","",""
"","217","fires editQuery in context provider","ListItemActionMenu","Thu Jun 04 03:34:37 UTC 2026","passed","Thu Jun 04 03:34:38 UTC 2026","","","",""
"","644","when an `inputValue` is provided it eventually displays a list of search results","ExploreSearchCombobox","Thu Jun 04 03:32:59 UTC 2026","passed","Thu Jun 04 03:33:00 UTC 2026","","","",""
"Test cases for TestManagementResource_ListPermissions","0","TestManagementResource_ListPermissions","","Thu Jun 04 03:29:45 UTC 2026","passed","Thu Jun 04 03:29:45 UTC 2026","","Go Test","github.com/specterops/bloodhound/cmd/api/src/api/v2/auth/TestManagementResource_ListPermissions","TestManagementResource_ListPermissions"
"Test cases for TestAssetGroupMembers_BuildFilteringConditional_Error","0","TestAssetGroupMembers_BuildFilteringConditional_Error","","Thu Jun 04 03:29:27 UTC 2026","passed","Thu Jun 04 03:29:27 UTC 2026","","Go Test","github.com/specterops/bloodhound/cmd/api/src/api/TestAssetGroupMembers_BuildFilteringConditional_Error","TestAssetGroupMembers_BuildFilteringConditional_Error"
"Test cases for TestDomainSelectors_GetFilterableColumns","0","TestDomainSelectors_GetFilterableColumns","","Thu Jun 04 03:29:43 UTC 2026","passed","Thu Jun 04 03:29:43 UTC 2026","","Go Test","github.com/specterops/bloodhound/cmd/api/src/model/TestDomainSelectors_GetFilterableColumns","TestDomainSelectors_GetFilterableColumns"
"Test cases for Test_SetNodeProperties","0","Test_SetNodeProperties","","Thu Jun 04 03:29:38 UTC 2026","passed","Thu Jun 04 03:29:38 UTC 2026","","Go Test","github.com/specterops/bloodhound/cmd/api/src/api/v2/Test_SetNodeProperties","Test_SetNodeProperties"
"","26","populates the cypher search field with the decoded query when the associated query params are set","useCypherSearch","Thu Jun 04 03:35:44 UTC 2026","passed","Thu Jun 04 03:35:44 UTC 2026","","","",""
"","124","does not highlight the table option when isExploreTableSelected is true but isExploreLayoutSelected is false","GraphControls","Thu Jun 04 03:31:02 UTC 2026","passed","Thu Jun 04 03:31:02 UTC 2026","","Table view selection state","",""
"","702","lists all available node kinds as options to filter by","AssetGroupEdit","Thu Jun 04 03:32:58 UTC 2026","passed","Thu Jun 04 03:32:59 UTC 2026","","Node Type dropdown filter","",""
"","218","calls onClose when user clicks cancel","PasswordDialog","Thu Jun 04 03:31:24 UTC 2026","passed","Thu Jun 04 03:31:24 UTC 2026","","","",""
"Test cases for TestIntFromPtr","0","TestIntFromPtr","","Thu Jun 04 03:29:42 UTC 2026","passed","Thu Jun 04 03:29:42 UTC 2026","","Go Test","github.com/specterops/bloodhound/cmd/api/src/database/types/null/TestIntFromPtr","TestIntFromPtr"
"","0","fails for password without digits","testPassword","Thu Jun 04 03:36:11 UTC 2026","passed","Thu Jun 04 03:36:11 UTC 2026","","","",""
"","0","returns true if arrays are equal","areArraysSimilar","Thu Jun 04 03:35:49 UTC 2026","passed","Thu Jun 04 03:35:49 UTC 2026","","","",""
"","108","renders a ListItemActionMenu component","ListItemActionMenu","Thu Jun 04 03:34:36 UTC 2026","passed","Thu Jun 04 03:34:36 UTC 2026","","","",""
"","451","renders correctly with requiresCurrentPassword false","PasswordDialog","Thu Jun 04 03:31:23 UTC 2026","passed","Thu Jun 04 03:31:24 UTC 2026","","","",""
"","0","prefixes each edge_kind with a colon for relationshipTypes","graphSchema","Thu Jun 04 03:35:39 UTC 2026","passed","Thu Jun 04 03:35:39 UTC 2026","","","",""
"Test cases for TestResources_ListTrustedCAs","0","TestResources_ListTrustedCAs","","Thu Jun 04 03:29:38 UTC 2026","passed","Thu Jun 04 03:29:38 UTC 2026","","Go Test","github.com/specterops/bloodhound/cmd/api/src/api/v2/TestResources_ListTrustedCAs","TestResources_ListTrustedCAs"
"","700","displays correct content based on platform filter Azure","CommonSearches","Thu Jun 04 03:32:49 UTC 2026","passed","Thu Jun 04 03:32:50 UTC 2026","","","",""
"","848","executes a primary search when only a source node is provided","Pathfinding: interaction","Thu Jun 04 03:33:28 UTC 2026","passed","Thu Jun 04 03:33:29 UTC 2026","","","",""
"Test cases for TestResources_UpdateAssetGroupSelectors_SuccessOwned","0","TestResources_UpdateAssetGroupSelectors_SuccessOwned","","Thu Jun 04 03:29:38 UTC 2026","passed","Thu Jun 04 03:29:38 UTC 2026","","Go Test","github.com/specterops/bloodhound/cmd/api/src/api/v2/TestResources_UpdateAssetGroupSelectors_SuccessOwned","TestResources_UpdateAssetGroupSelectors_SuccessOwned"
"Test cases for TestTracker_HasEdge_PropertyChangeDetectedAsDeletion","1","TestTracker_HasEdge_PropertyChangeDetectedAsDeletion","","Thu Jun 04 03:29:55 UTC 2026","passed","Thu Jun 04 03:29:55 UTC 2026","","Go Test","github.com/specterops/bloodhound/packages/go/analysis/post/TestTracker_HasEdge_PropertyChangeDetectedAsDeletion","TestTracker_HasEdge_PropertyChangeDetectedAsDeletion"
"Test cases for TestHandleDatabaseErrorNotFound","0","TestHandleDatabaseErrorNotFound","","Thu Jun 04 03:29:28 UTC 2026","passed","Thu Jun 04 03:29:28 UTC 2026","","Go Test","github.com/specterops/bloodhound/cmd/api/src/api/TestHandleDatabaseErrorNotFound","TestHandleDatabaseErrorNotFound"
"","0","reports an API error when Cypher is not run first","handleError","Thu Jun 04 03:32:20 UTC 2026","passed","Thu Jun 04 03:32:20 UTC 2026","","","",""
"Test cases for TestManagementResource_ServeSigningCertificate","6","TestManagementResource_ServeSigningCertificate","","Thu Jun 04 03:30:14 UTC 2026","passed","Thu Jun 04 03:30:14 UTC 2026","","Go Test","github.com/specterops/bloodhound/cmd/api/src/api/v2/auth/TestManagementResource_ServeSigningCertificate","TestManagementResource_ServeSigningCertificate"
"","189","shows ""API Expiration Date"" column header when expiration is enabled","UserTokenManagementDialog - API Expiration Date column","Thu Jun 04 03:32:37 UTC 2026","passed","Thu Jun 04 03:32:37 UTC 2026","","","",""
"Test cases for TestManagementResource_PutUserAuthSecret","5841","TestManagementResource_PutUserAuthSecret","","Thu Jun 04 03:29:39 UTC 2026","passed","Thu Jun 04 03:29:45 UTC 2026","","Go Test","github.com/specterops/bloodhound/cmd/api/src/api/v2/auth/TestManagementResource_PutUserAuthSecret","TestManagementResource_PutUserAuthSecret"
"Test cases for TestManagementResource_CreateAuthToken","8597","TestManagementResource_CreateAuthToken","","Thu Jun 04 03:30:05 UTC 2026","passed","Thu Jun 04 03:30:14 UTC 2026","","Go Test","github.com/specterops/bloodhound/cmd/api/src/api/v2/auth/TestManagementResource_CreateAuthToken","TestManagementResource_CreateAuthToken"
"","245","displays an error when unable to fetch data","EarlyAccessFeatures","Thu Jun 04 03:37:07 UTC 2026","passed","Thu Jun 04 03:37:07 UTC 2026","","","",""
"Test cases for TestResources_PatchDomain","2","TestResources_PatchDomain","","Thu Jun 04 03:29:38 UTC 2026","passed","Thu Jun 04 03:29:38 UTC 2026","","Go Test","github.com/specterops/bloodhound/cmd/api/src/api/v2/TestResources_PatchDomain","TestResources_PatchDomain"
"","1384","should render","EdgeInfoHeader","Thu Jun 04 03:34:41 UTC 2026","passed","Thu Jun 04 03:34:42 UTC 2026","","","",""
"","217","displays the label for each result","SearchCurrentNodes","Thu Jun 04 03:34:12 UTC 2026","passed","Thu Jun 04 03:34:13 UTC 2026","","","",""
"","1220","open and closes dialog","DatabaseManagement","Thu Jun 04 03:36:41 UTC 2026","passed","Thu Jun 04 03:36:42 UTC 2026","","","",""
"","189","buttons are disabled while loading","OneTimePasscodeForm","Thu Jun 04 03:35:21 UTC 2026","passed","Thu Jun 04 03:35:21 UTC 2026","","","",""
"Test cases for TestResources_ListADEntityRDPRights","0","TestResources_ListADEntityRDPRights","","Thu Jun 04 03:29:38 UTC 2026","passed","Thu Jun 04 03:29:38 UTC 2026","","Go Test","github.com/specterops/bloodhound/cmd/api/src/api/v2/TestResources_ListADEntityRDPRights","TestResources_ListADEntityRDPRights"
"Test cases for TestResources_GetShortestPath","10","TestResources_GetShortestPath","","Thu Jun 04 03:29:39 UTC 2026","passed","Thu Jun 04 03:29:39 UTC 2026","","Go Test","github.com/specterops/bloodhound/cmd/api/src/api/v2/TestResources_GetShortestPath","TestResources_GetShortestPath"
"Test cases for TestCacheEntryDigester_DigestEndpoint_DefaultObjectID","0","TestCacheEntryDigester_DigestEndpoint_DefaultObjectID","","Thu Jun 04 03:29:46 UTC 2026","passed","Thu Jun 04 03:29:46 UTC 2026","","Go Test","github.com/specterops/bloodhound/cmd/api/src/services/graphify/endpoint/TestCacheEntryDigester_DigestEndpoint_DefaultObjectID","TestCacheEntryDigester_DigestEndpoint_DefaultObjectID"
"","200","should render tag to Label content","TagToZoneLabelDialog","Thu Jun 04 03:34:02 UTC 2026","passed","Thu Jun 04 03:34:03 UTC 2026","","","",""
"Test cases for TestResources_GetAssetGroupSelectorMemberCountsByKind","0","TestResources_GetAssetGroupSelectorMemberCountsByKind","","Thu Jun 04 03:29:38 UTC 2026","passed","Thu Jun 04 03:29:38 UTC 2026","","Go Test","github.com/specterops/bloodhound/cmd/api/src/api/v2/TestResources_GetAssetGroupSelectorMemberCountsByKind","TestResources_GetAssetGroupSelectorMemberCountsByKind"
"Test cases for TestParseOptionalBoolMisspelledValue","0","TestParseOptionalBoolMisspelledValue","","Thu Jun 04 03:29:27 UTC 2026","passed","Thu Jun 04 03:29:27 UTC 2026","","Go Test","github.com/specterops/bloodhound/cmd/api/src/api/TestParseOptionalBoolMisspelledValue","TestParseOptionalBoolMisspelledValue"
"","312","filters extensions based on search input","ActiveExtensionsCard","Thu Jun 04 03:31:11 UTC 2026","passed","Thu Jun 04 03:31:11 UTC 2026","","","",""
"Test cases for TestManagementResource_EnrollMFA","1852","TestManagementResource_EnrollMFA","","Thu Jun 04 03:30:05 UTC 2026","passed","Thu Jun 04 03:30:07 UTC 2026","","Go Test","github.com/specterops/bloodhound/cmd/api/src/api/v2/auth/TestManagementResource_EnrollMFA","TestManagementResource_EnrollMFA"
"","640","should render inputs, labels, and action buttons","UpsertSAMLProviderForm","Thu Jun 04 03:34:56 UTC 2026","passed","Thu Jun 04 03:34:57 UTC 2026","","","",""
"Test cases for TestAuth_CreateSSOSession","4","TestAuth_CreateSSOSession","","Thu Jun 04 03:29:39 UTC 2026","passed","Thu Jun 04 03:29:39 UTC 2026","","Go Test","github.com/specterops/bloodhound/cmd/api/src/api/v2/auth/TestAuth_CreateSSOSession","TestAuth_CreateSSOSession"
"","1449","should display all available SSO providers","CreateUserDialog","Thu Jun 04 03:31:39 UTC 2026","passed","Thu Jun 04 03:31:40 UTC 2026","","","",""
"Test cases for TestManagementResource_ListAuthTokens_PredicateMismatchWithColumn","0","TestManagementResource_ListAuthTokens_PredicateMismatchWithColumn","","Thu Jun 04 03:30:05 UTC 2026","passed","Thu Jun 04 03:30:05 UTC 2026","","Go Test","github.com/specterops/bloodhound/cmd/api/src/api/v2/auth/TestManagementResource_ListAuthTokens_PredicateMismatchWithColumn","TestManagementResource_ListAuthTokens_PredicateMismatchWithColumn"
"Test cases for TestResources_DownloadCollectorByVersion","0","TestResources_DownloadCollectorByVersion","","Thu Jun 04 03:29:38 UTC 2026","passed","Thu Jun 04 03:29:38 UTC 2026","","Go Test","github.com/specterops/bloodhound/cmd/api/src/api/v2/TestResources_DownloadCollectorByVersion","TestResources_DownloadCollectorByVersion"
"Test cases for TestConvertAzureResourceGroupContributorToRels","0","TestConvertAzureResourceGroupContributorToRels","","Thu Jun 04 03:29:56 UTC 2026","passed","Thu Jun 04 03:29:56 UTC 2026","","Go Test","github.com/specterops/bloodhound/packages/go/ein/TestConvertAzureResourceGroupContributorToRels","TestConvertAzureResourceGroupContributorToRels"
"Test cases for TestErrorReadDomainSIDandNameAsString","0","TestErrorReadDomainSIDandNameAsString","","Thu Jun 04 03:29:55 UTC 2026","passed","Thu Jun 04 03:29:55 UTC 2026","","Go Test","github.com/specterops/bloodhound/packages/go/analysis/ad/internal/nodeprops/TestErrorReadDomainSIDandNameAsString","TestErrorReadDomainSIDandNameAsString"
"","13","dismisses a notification","AppNotifications","Thu Jun 04 03:34:52 UTC 2026","passed","Thu Jun 04 03:34:52 UTC 2026","","","",""
"","1287","shows a warning for using labels associated with tags in zone forms","Rule Form","Thu Jun 04 03:31:06 UTC 2026","passed","Thu Jun 04 03:31:07 UTC 2026","","","",""
"","1187","opens a submenu when user hovers over `Copy`","ContextMenu","Thu Jun 04 03:32:41 UTC 2026","passed","Thu Jun 04 03:32:42 UTC 2026","","","",""
"","66","indicates the code container is scrollable when the code is unwrapped","CodeController","Thu Jun 04 03:35:55 UTC 2026","passed","Thu Jun 04 03:35:55 UTC 2026","","","",""
"Test cases for TestBuildErrorResponseUnauthorized","0","TestBuildErrorResponseUnauthorized","","Thu Jun 04 03:29:28 UTC 2026","passed","Thu Jun 04 03:29:28 UTC 2026","","Go Test","github.com/specterops/bloodhound/cmd/api/src/api/TestBuildErrorResponseUnauthorized","TestBuildErrorResponseUnauthorized"
"","356","on clicking switch shows modal and when clicking confirm closes it and switch changes to enabled","CitrixRDPConfiguration","Thu Jun 04 03:33:06 UTC 2026","passed","Thu Jun 04 03:33:06 UTC 2026","","Click on switch to enable","",""
"","1","returns false when WebGL is not available in the current browser context","WebGL compatibility check","Thu Jun 04 03:36:20 UTC 2026","passed","Thu Jun 04 03:36:20 UTC 2026","","","",""
"","3","stores a boolean value in localStorage","useLocalStorage","Thu Jun 04 03:33:18 UTC 2026","passed","Thu Jun 04 03:33:18 UTC 2026","","setValue","",""
"","0","returns undefined if graphData is undefined or not a GraphResponse","getExploreTableData","Thu Jun 04 03:34:01 UTC 2026","passed","Thu Jun 04 03:34:01 UTC 2026","","","",""
"","66","displays no data message when there are no extensions","ActiveExtensionsCard","Thu Jun 04 03:31:09 UTC 2026","passed","Thu Jun 04 03:31:09 UTC 2026","","","",""
"","92","links to the specified route with global params intact when triggered by a splat route","AppLink","Thu Jun 04 03:34:22 UTC 2026","passed","Thu Jun 04 03:34:22 UTC 2026","","","",""
"","138","displays Force Password Reset checkbox when showNeedsPasswordReset is true","PasswordDialog","Thu Jun 04 03:31:24 UTC 2026","passed","Thu Jun 04 03:31:24 UTC 2026","","","",""
"","3392","should close the edge filtering dialog when user clicks cancel button","EdgeFilter","Thu Jun 04 03:33:43 UTC 2026","passed","Thu Jun 04 03:33:46 UTC 2026","","","",""
"","23","does not show the dropdown by default","ManageColumnsComboBox","Thu Jun 04 03:32:46 UTC 2026","passed","Thu Jun 04 03:32:46 UTC 2026","","","",""
"","2067","should display search results when the user enters text","AssetGroupEdit","Thu Jun 04 03:34:25 UTC 2026","passed","Thu Jun 04 03:34:27 UTC 2026","","","",""
"Test cases for TestDefineNodeName","0","TestDefineNodeName","","Thu Jun 04 03:29:55 UTC 2026","passed","Thu Jun 04 03:29:55 UTC 2026","","Go Test","github.com/specterops/bloodhound/packages/go/analysis/ad/wellknown/TestDefineNodeName","TestDefineNodeName"
"Test cases for TestIntEqual","0","TestIntEqual","","Thu Jun 04 03:29:42 UTC 2026","passed","Thu Jun 04 03:29:42 UTC 2026","","Go Test","github.com/specterops/bloodhound/cmd/api/src/database/types/null/TestIntEqual","TestIntEqual"
"","130","renders a list of pre-built searches","PrebuiltSearchList","Thu Jun 04 03:34:00 UTC 2026","passed","Thu Jun 04 03:34:00 UTC 2026","","","",""
"","1","filters by moderate risk level","filterAndSearchEnvironments","Thu Jun 04 03:31:05 UTC 2026","passed","Thu Jun 04 03:31:05 UTC 2026","","risk filters","",""
"","55","Should display a list of the asset group members","AssetGroupMemberList","Thu Jun 04 03:35:24 UTC 2026","passed","Thu Jun 04 03:35:25 UTC 2026","","","",""
"","3","rounds down fractional minutes/days","getSimpleDuration","Thu Jun 04 03:35:26 UTC 2026","passed","Thu Jun 04 03:35:26 UTC 2026","","","",""
"","613","renders no asset group edit options without graph write permissions","ContextMenu","Thu Jun 04 03:32:39 UTC 2026","passed","Thu Jun 04 03:32:39 UTC 2026","","","",""
"","15","returns active-directory environmentInfo when environmentAggregation param is active-directory","useAvailableEnvironments","Thu Jun 04 03:33:35 UTC 2026","passed","Thu Jun 04 03:33:35 UTC 2026","","useSelectedEnvironment","",""
"","77","when `selectedItem` is provided, the combobox displays the icon","icon rendering","Thu Jun 04 03:33:00 UTC 2026","passed","Thu Jun 04 03:33:00 UTC 2026","","","",""
"","66","Error handling for fetching edge information","EdgeObjectInformation","Thu Jun 04 03:34:13 UTC 2026","passed","Thu Jun 04 03:34:13 UTC 2026","","","",""
"Test cases for TestResources_UpdateSavedQuery_QueryBelongsToAnotherUser","0","TestResources_UpdateSavedQuery_QueryBelongsToAnotherUser","","Thu Jun 04 03:29:39 UTC 2026","passed","Thu Jun 04 03:29:39 UTC 2026","","Go Test","github.com/specterops/bloodhound/cmd/api/src/api/v2/TestResources_UpdateSavedQuery_QueryBelongsToAnotherUser","TestResources_UpdateSavedQuery_QueryBelongsToAnotherUser"
"","2070","displays a list of available sharphound and azurehound files to download","DownloadCollectors","Thu Jun 04 03:36:55 UTC 2026","passed","Thu Jun 04 03:36:57 UTC 2026","","","",""
"Test cases for TestResources_ListADDomainForeignGPOControllers","0","TestResources_ListADDomainForeignGPOControllers","","Thu Jun 04 03:29:38 UTC 2026","passed","Thu Jun 04 03:29:38 UTC 2026","","Go Test","github.com/specterops/bloodhound/cmd/api/src/api/v2/TestResources_ListADDomainForeignGPOControllers","TestResources_ListADDomainForeignGPOControllers"
"","203","calls onSort when clicked","ColumnHeaders","Thu Jun 04 03:33:54 UTC 2026","passed","Thu Jun 04 03:33:54 UTC 2026","","SortableHeader","",""
"Test cases for TestTimeSetValid","0","TestTimeSetValid","","Thu Jun 04 03:29:42 UTC 2026","passed","Thu Jun 04 03:29:42 UTC 2026","","Go Test","github.com/specterops/bloodhound/cmd/api/src/database/types/null/TestTimeSetValid","TestTimeSetValid"
"Test cases for TestRequestWaitDuration_Failure","0","TestRequestWaitDuration_Failure","","Thu Jun 04 03:29:32 UTC 2026","passed","Thu Jun 04 03:29:32 UTC 2026","","Go Test","github.com/specterops/bloodhound/cmd/api/src/api/middleware/TestRequestWaitDuration_Failure","TestRequestWaitDuration_Failure"
"Test cases for Test_parseRelationshipKindsParam","1","Test_parseRelationshipKindsParam","","Thu Jun 04 03:29:38 UTC 2026","passed","Thu Jun 04 03:29:38 UTC 2026","","Go Test","github.com/specterops/bloodhound/cmd/api/src/api/v2/Test_parseRelationshipKindsParam","Test_parseRelationshipKindsParam"
"Test cases for TestUnmarshalInt64OverflowToInt64","0","TestUnmarshalInt64OverflowToInt64","","Thu Jun 04 03:29:42 UTC 2026","passed","Thu Jun 04 03:29:42 UTC 2026","","Go Test","github.com/specterops/bloodhound/cmd/api/src/database/types/null/TestUnmarshalInt64OverflowToInt64","TestUnmarshalInt64OverflowToInt64"
"Test cases for TestRateLimitMiddleware","0","TestRateLimitMiddleware","","Thu Jun 04 03:29:32 UTC 2026","passed","Thu Jun 04 03:29:32 UTC 2026","","Go Test","github.com/specterops/bloodhound/cmd/api/src/api/middleware/TestRateLimitMiddleware","TestRateLimitMiddleware"
"Test cases for TestResources_ListADUserSQLAdminRights","3","TestResources_ListADUserSQLAdminRights","","Thu Jun 04 03:29:38 UTC 2026","passed","Thu Jun 04 03:29:38 UTC 2026","","Go Test","github.com/specterops/bloodhound/cmd/api/src/api/v2/TestResources_ListADUserSQLAdminRights","TestResources_ListADUserSQLAdminRights"
"Test cases for TestGetLatestQueryParameter","0","TestGetLatestQueryParameter","","Thu Jun 04 03:29:38 UTC 2026","passed","Thu Jun 04 03:29:38 UTC 2026","","Go Test","github.com/specterops/bloodhound/cmd/api/src/api/v2/TestGetLatestQueryParameter","TestGetLatestQueryParameter"
"","70","fetches new information when a different databaseId is passed","useFetchEntityInfo","Thu Jun 04 03:33:46 UTC 2026","passed","Thu Jun 04 03:33:47 UTC 2026","","","",""
"Test cases for TestResources_GetEdgeComposition","96","TestResources_GetEdgeComposition","","Thu Jun 04 03:29:39 UTC 2026","passed","Thu Jun 04 03:29:39 UTC 2026","","Go Test","github.com/specterops/bloodhound/cmd/api/src/api/v2/TestResources_GetEdgeComposition","TestResources_GetEdgeComposition"
"","365","should not display generate/revoke api tokens button","User Actions Menu","Thu Jun 04 03:33:42 UTC 2026","passed","Thu Jun 04 03:33:43 UTC 2026","","Api Keys","",""
"","387","clicking a delete button calls deleteHandler","PrebuiltSearchList","Thu Jun 04 03:34:00 UTC 2026","passed","Thu Jun 04 03:34:00 UTC 2026","","","",""
"","0","returns false if arrays have different length","areArraysSimilar","Thu Jun 04 03:35:49 UTC 2026","passed","Thu Jun 04 03:35:49 UTC 2026","","","",""
"","4565","should clear state when logout action is dispatched","redux store","Thu Jun 04 03:37:11 UTC 2026","passed","Thu Jun 04 03:37:15 UTC 2026","","","",""
"","1","filters by high risk level","filterAndSearchEnvironments","Thu Jun 04 03:31:05 UTC 2026","passed","Thu Jun 04 03:31:05 UTC 2026","","risk filters","",""
"Test cases for TestManagementResource_GetRole","29129","TestManagementResource_GetRole","","Thu Jun 04 03:29:45 UTC 2026","passed","Thu Jun 04 03:30:14 UTC 2026","","Go Test","github.com/specterops/bloodhound/cmd/api/src/api/v2/auth/TestManagementResource_GetRole","TestManagementResource_GetRole"
"TestCacheEntryDigester_DigestEndpoint_MatchByProperty tests the sorting and hashinglogic when MatchBy is set to MatchByProperty.","5","TestCacheEntryDigester_DigestEndpoint_MatchByProperty","","Thu Jun 04 03:29:46 UTC 2026","passed","Thu Jun 04 03:29:46 UTC 2026","","Go Test","github.com/specterops/bloodhound/cmd/api/src/services/graphify/endpoint/TestCacheEntryDigester_DigestEndpoint_MatchByProperty","TestCacheEntryDigester_DigestEndpoint_MatchByProperty"
"","369","displays a Filters button","FileIngest","Thu Jun 04 03:35:19 UTC 2026","passed","Thu Jun 04 03:35:20 UTC 2026","","","",""
"Test cases for TestResources_ListAuditLogs_OnlyOffset","0","TestResources_ListAuditLogs_OnlyOffset","","Thu Jun 04 03:29:38 UTC 2026","passed","Thu Jun 04 03:29:38 UTC 2026","","Go Test","github.com/specterops/bloodhound/cmd/api/src/api/v2/TestResources_ListAuditLogs_OnlyOffset","TestResources_ListAuditLogs_OnlyOffset"
"","33","should display the checkbox group title","Checkbox group","Thu Jun 04 03:35:56 UTC 2026","passed","Thu Jun 04 03:35:56 UTC 2026","","","",""
"","0","returns undefined if graphData is null or not a GraphResponse","getExploreTableData","Thu Jun 04 03:34:01 UTC 2026","passed","Thu Jun 04 03:34:01 UTC 2026","","","",""
"Test cases for TestParseUserIP_XForwardedFor_RemoteAddr","0","TestParseUserIP_XForwardedFor_RemoteAddr","","Thu Jun 04 03:29:32 UTC 2026","passed","Thu Jun 04 03:29:32 UTC 2026","","Go Test","github.com/specterops/bloodhound/cmd/api/src/api/middleware/TestParseUserIP_XForwardedFor_RemoteAddr","TestParseUserIP_XForwardedFor_RemoteAddr"
"","0","The user has yet to type into the search (for OU and Domain searches that have hard coded types)","Getting the text for the disabled item display for a search when there are no results","Thu Jun 04 03:34:30 UTC 2026","passed","Thu Jun 04 03:34:30 UTC 2026","","Empty data states","",""
"","15","returns early if there are no 'collected' environments","useInitialEnvironment","Thu Jun 04 03:35:01 UTC 2026","passed","Thu Jun 04 03:35:02 UTC 2026","","","",""
"Test cases for TestResources_ListADDomainForeignAdmins","6","TestResources_ListADDomainForeignAdmins","","Thu Jun 04 03:29:38 UTC 2026","passed","Thu Jun 04 03:29:38 UTC 2026","","Go Test","github.com/specterops/bloodhound/cmd/api/src/api/v2/TestResources_ListADDomainForeignAdmins","TestResources_ListADDomainForeignAdmins"
"","251","eventually displays a list of early access features when warning dialog is accepted","EarlyAccessFeatures","Thu Jun 04 03:37:07 UTC 2026","passed","Thu Jun 04 03:37:07 UTC 2026","","","",""
"Test cases for TestParseOptionalLimitQueryParameter","115","TestParseOptionalLimitQueryParameter","","Thu Jun 04 03:29:39 UTC 2026","passed","Thu Jun 04 03:29:39 UTC 2026","","Go Test","github.com/specterops/bloodhound/cmd/api/src/api/v2/TestParseOptionalLimitQueryParameter","TestParseOptionalLimitQueryParameter"
"","838","should allow user to configure 2fa","Enable2FADialog","Thu Jun 04 03:33:58 UTC 2026","passed","Thu Jun 04 03:33:59 UTC 2026","","","",""
"Test cases for TestResources_ListFileUploadJobs","0","TestResources_ListFileUploadJobs","","Thu Jun 04 03:29:39 UTC 2026","passed","Thu Jun 04 03:29:39 UTC 2026","","Go Test","github.com/specterops/bloodhound/cmd/api/src/api/v2/TestResources_ListFileUploadJobs","TestResources_ListFileUploadJobs"
"","46","has no checked boxes by default","GraphDataCheckboxes","Thu Jun 04 03:32:07 UTC 2026","passed","Thu Jun 04 03:32:07 UTC 2026","","","",""
"Test cases for TestNormalizeToUTF8_ReaderError","0","TestNormalizeToUTF8_ReaderError","","Thu Jun 04 03:29:55 UTC 2026","passed","Thu Jun 04 03:29:55 UTC 2026","","Go Test","github.com/specterops/bloodhound/packages/go/bomenc/TestNormalizeToUTF8_ReaderError","TestNormalizeToUTF8_ReaderError"
"","7","writes initialValue to localStorage when the key is absent","useLocalStorage","Thu Jun 04 03:33:18 UTC 2026","passed","Thu Jun 04 03:33:18 UTC 2026","","initial value","",""
"","340","should disable Cancel and Save buttons while isLoading is true","UpdateUserDialog","Thu Jun 04 03:32:01 UTC 2026","passed","Thu Jun 04 03:32:02 UTC 2026","","","",""
"Test cases for TestResources_ListAuditLogs","0","TestResources_ListAuditLogs","","Thu Jun 04 03:29:38 UTC 2026","passed","Thu Jun 04 03:29:38 UTC 2026","","Go Test","github.com/specterops/bloodhound/cmd/api/src/api/v2/TestResources_ListAuditLogs","TestResources_ListAuditLogs"
"Test cases for TestParseLimitQueryParameter","0","TestParseLimitQueryParameter","","Thu Jun 04 03:29:39 UTC 2026","passed","Thu Jun 04 03:29:39 UTC 2026","","Go Test","github.com/specterops/bloodhound/cmd/api/src/api/v2/TestParseLimitQueryParameter","TestParseLimitQueryParameter"
"","664","displays current password error messages when current password is empty","PasswordDialog","Thu Jun 04 03:31:27 UTC 2026","passed","Thu Jun 04 03:31:27 UTC 2026","","","",""
"","22","returns a prefer wait in the header when db config timeout limit setting is disabled and state of is disable query limit is true","useExploreGraph","Thu Jun 04 03:32:07 UTC 2026","passed","Thu Jun 04 03:32:07 UTC 2026","userSettings","exploreGraphQueryFactory","",""
"","775","opens the entity information panel for the auto-selected node","GraphView","Thu Jun 04 03:36:41 UTC 2026","passed","Thu Jun 04 03:36:42 UTC 2026","","","",""
"","6","should render when search string is not found in the text","HighlightedText","Thu Jun 04 03:35:25 UTC 2026","passed","Thu Jun 04 03:35:25 UTC 2026","","","",""
"","3697","The password reset dialog is opened when switching a user from SAML based authentication to username/password based authentication","Users","Thu Jun 04 03:32:13 UTC 2026","passed","Thu Jun 04 03:32:17 UTC 2026","","","",""
"","77","allows a consumer to swap the values of the two inputs and update the query params accordingly","usePathfindingSearch","Thu Jun 04 03:33:38 UTC 2026","passed","Thu Jun 04 03:33:38 UTC 2026","","","",""
"","1","takes updatedParams and current URLSearchParams and returns a function","searchParams","Thu Jun 04 03:34:36 UTC 2026","passed","Thu Jun 04 03:34:36 UTC 2026","","setSingleParamFactory","",""
"Test cases for TestTimeExactEqual","0","TestTimeExactEqual","","Thu Jun 04 03:29:42 UTC 2026","passed","Thu Jun 04 03:29:42 UTC 2026","","Go Test","github.com/specterops/bloodhound/cmd/api/src/database/types/null/TestTimeExactEqual","TestTimeExactEqual"
"","134","does not show ""API Expiration Date"" column header when expiration is disabled","UserTokenManagementDialog - API Expiration Date column","Thu Jun 04 03:32:37 UTC 2026","passed","Thu Jun 04 03:32:37 UTC 2026","","","",""
"Test cases for TestAddOwnerRoleIDs","0","TestAddOwnerRoleIDs","","Thu Jun 04 03:29:55 UTC 2026","passed","Thu Jun 04 03:29:55 UTC 2026","","Go Test","github.com/specterops/bloodhound/packages/go/analysis/azure/TestAddOwnerRoleIDs","TestAddOwnerRoleIDs"
"Test cases for TestResources_ListAssetGroupCollections","3","TestResources_ListAssetGroupCollections","","Thu Jun 04 03:29:38 UTC 2026","passed","Thu Jun 04 03:29:38 UTC 2026","","Go Test","github.com/specterops/bloodhound/cmd/api/src/api/v2/TestResources_ListAssetGroupCollections","TestResources_ListAssetGroupCollections"
"","275","fires delete when edit is clicked","ListItemActionMenu","Thu Jun 04 03:34:37 UTC 2026","passed","Thu Jun 04 03:34:37 UTC 2026","","","",""
"","0","returns the difference between the node and the position","getNodeOffset","Thu Jun 04 03:37:23 UTC 2026","passed","Thu Jun 04 03:37:23 UTC 2026","","","",""
"","129","renders the Zone/Labels Tab content when first tab is chosen","Selected Details Tab Content","Thu Jun 04 03:35:20 UTC 2026","passed","Thu Jun 04 03:35:20 UTC 2026","","","",""
"","4","returns true when WebGL is available in the current browser context","WebGL compatibility check","Thu Jun 04 03:36:20 UTC 2026","passed","Thu Jun 04 03:36:20 UTC 2026","","","",""
"","19","renders note content when currentNote is present","HistoryNotes Component","Thu Jun 04 03:35:55 UTC 2026","passed","Thu Jun 04 03:35:55 UTC 2026","","","",""
"Test cases for TestCache_NewCache","0","TestCache_NewCache","","Thu Jun 04 03:29:55 UTC 2026","passed","Thu Jun 04 03:29:55 UTC 2026","","Go Test","github.com/specterops/bloodhound/packages/go/cache/TestCache_NewCache","TestCache_NewCache"
"Test cases for TestGenerateRandomBase64String","0","TestGenerateRandomBase64String","","Thu Jun 04 03:29:39 UTC 2026","passed","Thu Jun 04 03:29:39 UTC 2026","","Go Test","github.com/specterops/bloodhound/cmd/api/src/config/TestGenerateRandomBase64String","TestGenerateRandomBase64String"
"","3","returns null if paramValue is +0","useEnvironmentParams","Thu Jun 04 03:36:11 UTC 2026","passed","Thu Jun 04 03:36:11 UTC 2026","","parseEnvironmentAggregation","",""
"Test cases for TestResources_ListADDomainForeignGroups","0","TestResources_ListADDomainForeignGroups","","Thu Jun 04 03:29:38 UTC 2026","passed","Thu Jun 04 03:29:38 UTC 2026","","Go Test","github.com/specterops/bloodhound/cmd/api/src/api/v2/TestResources_ListADDomainForeignGroups","TestResources_ListADDomainForeignGroups"
"TestMigrator_GenerateManifest tests the full integrity of a Manifest generatedfrom 3 different Source's:1) Correct number of total migrations detected.2) Correct number of versions detected.3) The VersionTable has all versions, in order.4) All versions have the correct number of migrations.5) Schema files generate v0.0.0 migrations.6) Migrations are ordered within each version, in the order the Source was defined.","1","TestMigrator_GenerateManifest","","Thu Jun 04 03:29:41 UTC 2026","passed","Thu Jun 04 03:29:41 UTC 2026","","Go Test","github.com/specterops/bloodhound/cmd/api/src/database/migration/TestMigrator_GenerateManifest","TestMigrator_GenerateManifest"
"Test cases for TestOpenGraphSchemaService_GetSchemaFindings","1","TestOpenGraphSchemaService_GetSchemaFindings","","Thu Jun 04 03:29:47 UTC 2026","passed","Thu Jun 04 03:29:47 UTC 2026","","Go Test","github.com/specterops/bloodhound/cmd/api/src/services/opengraphschema/TestOpenGraphSchemaService_GetSchemaFindings","TestOpenGraphSchemaService_GetSchemaFindings"
"","197","should display error message when error prop is provided","UpdateUserDialog","Thu Jun 04 03:32:02 UTC 2026","passed","Thu Jun 04 03:32:02 UTC 2026","","","",""
"Test cases for TestTracker_HasEdge_And_DeletedEdges","0","TestTracker_HasEdge_And_DeletedEdges","","Thu Jun 04 03:29:55 UTC 2026","passed","Thu Jun 04 03:29:55 UTC 2026","","Go Test","github.com/specterops/bloodhound/packages/go/analysis/post/TestTracker_HasEdge_And_DeletedEdges","TestTracker_HasEdge_And_DeletedEdges"
"Test cases for TestResources_UpdateSavedQuery_UpdateFailed","0","TestResources_UpdateSavedQuery_UpdateFailed","","Thu Jun 04 03:29:39 UTC 2026","passed","Thu Jun 04 03:29:39 UTC 2026","","Go Test","github.com/specterops/bloodhound/cmd/api/src/api/v2/TestResources_UpdateSavedQuery_UpdateFailed","TestResources_UpdateSavedQuery_UpdateFailed"
"Test cases for Test_SetApplicationConfiguration","0","Test_SetApplicationConfiguration","","Thu Jun 04 03:29:38 UTC 2026","passed","Thu Jun 04 03:29:38 UTC 2026","","Go Test","github.com/specterops/bloodhound/cmd/api/src/api/v2/Test_SetApplicationConfiguration","Test_SetApplicationConfiguration"
"Test cases for TestResources_ListADOUContainedComputers","0","TestResources_ListADOUContainedComputers","","Thu Jun 04 03:29:38 UTC 2026","passed","Thu Jun 04 03:29:38 UTC 2026","","Go Test","github.com/specterops/bloodhound/cmd/api/src/api/v2/TestResources_ListADOUContainedComputers","TestResources_ListADOUContainedComputers"
"","10","returns the remaining amount of labels available for creation","useTagLimits","Thu Jun 04 03:31:28 UTC 2026","passed","Thu Jun 04 03:31:28 UTC 2026","","","",""
"","525","should render list of available SSO providers","LoginViaSSOForm","Thu Jun 04 03:34:34 UTC 2026","passed","Thu Jun 04 03:34:34 UTC 2026","","","",""
"Test cases for TestResources_GetAssetGroupTagMemberInfo","1","TestResources_GetAssetGroupTagMemberInfo","","Thu Jun 04 03:29:38 UTC 2026","passed","Thu Jun 04 03:29:38 UTC 2026","","Go Test","github.com/specterops/bloodhound/cmd/api/src/api/v2/TestResources_GetAssetGroupTagMemberInfo","TestResources_GetAssetGroupTagMemberInfo"
"Test cases for TestWriteTimeWindowedResponse","0","TestWriteTimeWindowedResponse","","Thu Jun 04 03:29:28 UTC 2026","passed","Thu Jun 04 03:29:28 UTC 2026","","Go Test","github.com/specterops/bloodhound/cmd/api/src/api/TestWriteTimeWindowedResponse","TestWriteTimeWindowedResponse"
"","267","sets secondarySearch=id and searchType=node when primarySearch is falsey","ContextMenu","Thu Jun 04 03:32:40 UTC 2026","passed","Thu Jun 04 03:32:40 UTC 2026","","","",""
"Test cases for TestResources_SearchHandler","1","TestResources_SearchHandler","","Thu Jun 04 03:29:39 UTC 2026","passed","Thu Jun 04 03:29:39 UTC 2026","","Go Test","github.com/specterops/bloodhound/cmd/api/src/api/v2/TestResources_SearchHandler","TestResources_SearchHandler"
"","123","should redirect to nested /file-ingest route if user navigates to /","Administration","Thu Jun 04 03:37:21 UTC 2026","passed","Thu Jun 04 03:37:22 UTC 2026","","","",""
"","1246","allows switching between the Zones and Labels tabs","Zone Management","Thu Jun 04 03:34:56 UTC 2026","passed","Thu Jun 04 03:34:58 UTC 2026","","","",""
"Test cases for TestAssetGroupMembers_Filter_NotEquals","0","TestAssetGroupMembers_Filter_NotEquals","","Thu Jun 04 03:29:27 UTC 2026","passed","Thu Jun 04 03:29:27 UTC 2026","","Go Test","github.com/specterops/bloodhound/cmd/api/src/api/TestAssetGroupMembers_Filter_NotEquals","TestAssetGroupMembers_Filter_NotEquals"
"","338","renders an edit form for the selected asset group when a user has graph write permissions","GroupManagement","Thu Jun 04 03:37:06 UTC 2026","passed","Thu Jun 04 03:37:06 UTC 2026","","","",""
"","1957","shows the ""Disable MFA"" context menu option for users with MFA enabled","Users","Thu Jun 04 03:32:23 UTC 2026","passed","Thu Jun 04 03:32:25 UTC 2026","","","",""
"","1237","should disable save button while input is empty","SaveQueryDialog","Thu Jun 04 03:30:41 UTC 2026","passed","Thu Jun 04 03:30:42 UTC 2026","","","",""
"Test cases for TestResources_UpdateSavedQuery_ErrorFetchingPublicStatus","0","TestResources_UpdateSavedQuery_ErrorFetchingPublicStatus","","Thu Jun 04 03:29:39 UTC 2026","passed","Thu Jun 04 03:29:39 UTC 2026","","Go Test","github.com/specterops/bloodhound/cmd/api/src/api/v2/TestResources_UpdateSavedQuery_ErrorFetchingPublicStatus","TestResources_UpdateSavedQuery_ErrorFetchingPublicStatus"
"Test cases for TestGenerateQRCodeBase64","10","TestGenerateQRCodeBase64","","Thu Jun 04 03:29:39 UTC 2026","passed","Thu Jun 04 03:29:39 UTC 2026","","Go Test","github.com/specterops/bloodhound/cmd/api/src/auth/TestGenerateQRCodeBase64","TestGenerateQRCodeBase64"
"","1","should recognize a common properties","validating a node property against the shared generated schema","Thu Jun 04 03:32:53 UTC 2026","passed","Thu Jun 04 03:32:53 UTC 2026","","","",""
"Test cases for TestMarshalInt64Text","0","TestMarshalInt64Text","","Thu Jun 04 03:29:42 UTC 2026","passed","Thu Jun 04 03:29:42 UTC 2026","","Go Test","github.com/specterops/bloodhound/cmd/api/src/database/types/null/TestMarshalInt64Text","TestMarshalInt64Text"
"","333","shows all extensions when search is cleared","ActiveExtensionsCard","Thu Jun 04 03:31:12 UTC 2026","passed","Thu Jun 04 03:31:12 UTC 2026","","","",""
"","4","handles ISO 8601 formatted date strings and converts it into our standard date display format","Formatting string properties","Thu Jun 04 03:32:53 UTC 2026","passed","Thu Jun 04 03:32:53 UTC 2026","","","",""
"","809","renders the Platforms dropdown and handles click event","QuerySearchFilter","Thu Jun 04 03:34:14 UTC 2026","passed","Thu Jun 04 03:34:15 UTC 2026","","","",""
"","53","shows the empty form message when Cypher Rule Form is empty","Seed Selection Results","Thu Jun 04 03:32:38 UTC 2026","passed","Thu Jun 04 03:32:39 UTC 2026","","","",""
"Test cases for TestTypes_Scan_Success","0","TestTypes_Scan_Success","","Thu Jun 04 03:29:42 UTC 2026","passed","Thu Jun 04 03:29:42 UTC 2026","","Go Test","github.com/specterops/bloodhound/cmd/api/src/database/types/TestTypes_Scan_Success","TestTypes_Scan_Success"
"","155","shows ""<10 Days to Expire"" warning when token expires within 10 days","UserTokenManagementDialog - API Expiration Date column","Thu Jun 04 03:32:38 UTC 2026","passed","Thu Jun 04 03:32:38 UTC 2026","","","",""
"Test cases for TestManagementResource_DeleteOIDCProvider","1","TestManagementResource_DeleteOIDCProvider","","Thu Jun 04 03:30:14 UTC 2026","passed","Thu Jun 04 03:30:14 UTC 2026","","Go Test","github.com/specterops/bloodhound/cmd/api/src/api/v2/auth/TestManagementResource_DeleteOIDCProvider","TestManagementResource_DeleteOIDCProvider"
"Test cases for TestPredefinedNodeNamePrefixes","0","TestPredefinedNodeNamePrefixes","","Thu Jun 04 03:29:55 UTC 2026","passed","Thu Jun 04 03:29:55 UTC 2026","","Go Test","github.com/specterops/bloodhound/packages/go/analysis/ad/wellknown/TestPredefinedNodeNamePrefixes","TestPredefinedNodeNamePrefixes"
"","1","reports when API error response has errors array","handleError","Thu Jun 04 03:32:20 UTC 2026","passed","Thu Jun 04 03:32:20 UTC 2026","","","",""
"","16","shows ""no permission"" notification if lacking permission","useFinishedJobs","Thu Jun 04 03:33:29 UTC 2026","passed","Thu Jun 04 03:33:29 UTC 2026","","","",""
"","204","shows a loading state","FileIngestTable","Thu Jun 04 03:31:47 UTC 2026","passed","Thu Jun 04 03:31:47 UTC 2026","","","",""
"","82","should not display the ETAC role-based filtering badge when filtering is disabled","Zone Management","Thu Jun 04 03:34:58 UTC 2026","passed","Thu Jun 04 03:34:58 UTC 2026","","","",""
"","837","open and closes dialog with confirm button after user inputs required text","Tag Form","Thu Jun 04 03:30:45 UTC 2026","passed","Thu Jun 04 03:30:46 UTC 2026","","","",""
"","85","calls setSelected with correct data on click","NoteCell component","Thu Jun 04 03:34:47 UTC 2026","passed","Thu Jun 04 03:34:47 UTC 2026","","","",""
"","94","disables the upload file button when the user does not have the opengraph write permission","SchemaUploadDialog","Thu Jun 04 03:32:16 UTC 2026","passed","Thu Jun 04 03:32:16 UTC 2026","","","",""
"","0","returns all environments when both ""yes"" and ""no"" filters are active","filterAndSearchEnvironments","Thu Jun 04 03:31:05 UTC 2026","passed","Thu Jun 04 03:31:05 UTC 2026","","collected filters","",""
"Test cases for Test_sortAndSliceResults_limit","0","Test_sortAndSliceResults_limit","","Thu Jun 04 03:29:44 UTC 2026","passed","Thu Jun 04 03:29:44 UTC 2026","","Go Test","github.com/specterops/bloodhound/cmd/api/src/queries/Test_sortAndSliceResults_limit","Test_sortAndSliceResults_limit"
"","65","sets autoDisplayTable to true if query returns nodes only, searchType = cypher, and and enabled is true","useExploreTableAutoDisplay","Thu Jun 04 03:35:02 UTC 2026","passed","Thu Jun 04 03:35:02 UTC 2026","","","",""
"","3672","Kebab menu click causes the callback function to be called with the correct parameters","ExploreTable","Thu Jun 04 03:30:55 UTC 2026","passed","Thu Jun 04 03:30:59 UTC 2026","","","",""
"","1","will return a list of values","Formatting list properties","Thu Jun 04 03:32:53 UTC 2026","passed","Thu Jun 04 03:32:53 UTC 2026","","","",""
"Test cases for TestInt64Scan","0","TestInt64Scan","","Thu Jun 04 03:29:42 UTC 2026","passed","Thu Jun 04 03:29:42 UTC 2026","","Go Test","github.com/specterops/bloodhound/cmd/api/src/database/types/null/TestInt64Scan","TestInt64Scan"
"","0","reports an Object ID-specific error when editing a rule and ruleType is SeedTypeObjectId and seeds are required","handleError","Thu Jun 04 03:32:20 UTC 2026","passed","Thu Jun 04 03:32:20 UTC 2026","","","",""
"","63","when there is no ID in the URL the highest position tag ID is returned","usePZQueryParams","Thu Jun 04 03:34:17 UTC 2026","passed","Thu Jun 04 03:34:17 UTC 2026","","","",""
"Test cases for TestMarshalInt","0","TestMarshalInt","","Thu Jun 04 03:29:42 UTC 2026","passed","Thu Jun 04 03:29:42 UTC 2026","","Go Test","github.com/specterops/bloodhound/cmd/api/src/database/types/null/TestMarshalInt","TestMarshalInt"
"Test cases for TestModifyCookieAttribute","1","TestModifyCookieAttribute","","Thu Jun 04 03:29:51 UTC 2026","passed","Thu Jun 04 03:29:51 UTC 2026","","Go Test","github.com/specterops/bloodhound/cmd/api/src/utils/test/TestModifyCookieAttribute","TestModifyCookieAttribute"
"Test cases for TestActivateMFA_Failure","665","TestActivateMFA_Failure","","Thu Jun 04 03:30:12 UTC 2026","passed","Thu Jun 04 03:30:13 UTC 2026","","Go Test","github.com/specterops/bloodhound/cmd/api/src/api/v2/auth/TestActivateMFA_Failure","TestActivateMFA_Failure"
"Test cases for TestParseHeaderValues","0","TestParseHeaderValues","","Thu Jun 04 03:29:32 UTC 2026","passed","Thu Jun 04 03:29:32 UTC 2026","","Go Test","github.com/specterops/bloodhound/cmd/api/src/api/middleware/TestParseHeaderValues","TestParseHeaderValues"
"Test cases for TestWriteAndValidateJSON_NormalizationError","11","TestWriteAndValidateJSON_NormalizationError","","Thu Jun 04 03:29:48 UTC 2026","passed","Thu Jun 04 03:29:48 UTC 2026","","Go Test","github.com/specterops/bloodhound/cmd/api/src/services/upload/TestWriteAndValidateJSON_NormalizationError","TestWriteAndValidateJSON_NormalizationError"
"","0","falls back to the default Cypher message when ruleType is undefined and seeds are required","handleError","Thu Jun 04 03:32:20 UTC 2026","passed","Thu Jun 04 03:32:20 UTC 2026","","","",""
"","68","displays a status indicator","StatusIndicator","Thu Jun 04 03:36:03 UTC 2026","passed","Thu Jun 04 03:36:03 UTC 2026","","","",""
"","607","should not allow the input to exceed the allowed length","CreateUserForm","Thu Jun 04 03:31:18 UTC 2026","passed","Thu Jun 04 03:31:18 UTC 2026","","","",""
"Test cases for TestFeatureFlagManagerPoller","84","TestFeatureFlagManagerPoller","","Thu Jun 04 03:29:40 UTC 2026","passed","Thu Jun 04 03:29:40 UTC 2026","","Go Test","github.com/specterops/bloodhound/cmd/api/src/daemons/changelog/TestFeatureFlagManagerPoller","TestFeatureFlagManagerPoller"
"Test cases for TestFoldl","0","TestFoldl","","Thu Jun 04 03:29:57 UTC 2026","passed","Thu Jun 04 03:29:57 UTC 2026","","Go Test","github.com/specterops/bloodhound/packages/go/slicesext/TestFoldl","TestFoldl"
"","1130","opens a submenu when user hovers over `Copy`","ContextMenu","Thu Jun 04 03:36:58 UTC 2026","passed","Thu Jun 04 03:37:00 UTC 2026","","","",""
"Test cases for Test_ApplyTimeoutReduction","1","Test_ApplyTimeoutReduction","","Thu Jun 04 03:29:44 UTC 2026","passed","Thu Jun 04 03:29:44 UTC 2026","","Go Test","github.com/specterops/bloodhound/cmd/api/src/queries/Test_ApplyTimeoutReduction","Test_ApplyTimeoutReduction"
"","0","filters by low risk level","filterAndSearchEnvironments","Thu Jun 04 03:31:05 UTC 2026","passed","Thu Jun 04 03:31:05 UTC 2026","","risk filters","",""
"","499","renders trigger button and dropdown items","TagToZoneLabel","Thu Jun 04 03:30:52 UTC 2026","passed","Thu Jun 04 03:30:52 UTC 2026","","","",""
"","228","should render","NoDataDialog","Thu Jun 04 03:36:09 UTC 2026","passed","Thu Jun 04 03:36:10 UTC 2026","","","",""
"Test cases for TestDomainSelectors_GetFilterCriteria_InvalidFilterPredicate","0","TestDomainSelectors_GetFilterCriteria_InvalidFilterPredicate","","Thu Jun 04 03:29:43 UTC 2026","passed","Thu Jun 04 03:29:43 UTC 2026","","Go Test","github.com/specterops/bloodhound/cmd/api/src/model/TestDomainSelectors_GetFilterCriteria_InvalidFilterPredicate","TestDomainSelectors_GetFilterCriteria_InvalidFilterPredicate"
"Test cases for TestManagementResource_UpdateSAMLProviderRequest","13","TestManagementResource_UpdateSAMLProviderRequest","","Thu Jun 04 03:30:14 UTC 2026","passed","Thu Jun 04 03:30:14 UTC 2026","","Go Test","github.com/specterops/bloodhound/cmd/api/src/api/v2/auth/TestManagementResource_UpdateSAMLProviderRequest","TestManagementResource_UpdateSAMLProviderRequest"
"","117","calls handleInitialEnvironment with the highest impactValue as the initial environment","useInitialEnvironment","Thu Jun 04 03:35:01 UTC 2026","passed","Thu Jun 04 03:35:01 UTC 2026","","","",""
"Test cases for TestResources_GetEnterpriseCAEntityInfo","278","TestResources_GetEnterpriseCAEntityInfo","","Thu Jun 04 03:29:38 UTC 2026","passed","Thu Jun 04 03:29:39 UTC 2026","","Go Test","github.com/specterops/bloodhound/cmd/api/src/api/v2/TestResources_GetEnterpriseCAEntityInfo","TestResources_GetEnterpriseCAEntityInfo"
"Test cases for FuzzFoldlLazy","0","FuzzFoldlLazy","","Thu Jun 04 03:29:57 UTC 2026","passed","Thu Jun 04 03:29:57 UTC 2026","","Go Test","github.com/specterops/bloodhound/packages/go/slicesext/FuzzFoldlLazy","FuzzFoldlLazy"
"Test cases for TestMarshalTime","0","TestMarshalTime","","Thu Jun 04 03:29:42 UTC 2026","passed","Thu Jun 04 03:29:42 UTC 2026","","Go Test","github.com/specterops/bloodhound/cmd/api/src/database/types/null/TestMarshalTime","TestMarshalTime"
"","175","shows formatted expiration date (yyyy-MM-dd) when expires_at is set","UserTokenManagementDialog - API Expiration Date column","Thu Jun 04 03:32:37 UTC 2026","passed","Thu Jun 04 03:32:38 UTC 2026","","","",""
"","1678","handles copying the name","CopyMenuItem","Thu Jun 04 03:36:08 UTC 2026","passed","Thu Jun 04 03:36:10 UTC 2026","","","",""
"Test cases for TestRequestWaitDuration_Negative","0","TestRequestWaitDuration_Negative","","Thu Jun 04 03:29:32 UTC 2026","passed","Thu Jun 04 03:29:32 UTC 2026","","Go Test","github.com/specterops/bloodhound/cmd/api/src/api/middleware/TestRequestWaitDuration_Negative","TestRequestWaitDuration_Negative"
"","888","shows a table with partially completed jobs","FileIngestTable","Thu Jun 04 03:31:47 UTC 2026","passed","Thu Jun 04 03:31:48 UTC 2026","","","",""
"Test cases for TestDummyHA","0","TestDummyHA","","Thu Jun 04 03:29:40 UTC 2026","passed","Thu Jun 04 03:29:40 UTC 2026","","Go Test","github.com/specterops/bloodhound/cmd/api/src/daemons/changelog/TestDummyHA","TestDummyHA"
"Test cases for TestRewriter_Enter_ADAttackPathsShortcut_ReplacesKinds","0","TestRewriter_Enter_ADAttackPathsShortcut_ReplacesKinds","","Thu Jun 04 03:29:44 UTC 2026","passed","Thu Jun 04 03:29:44 UTC 2026","","Go Test","github.com/specterops/bloodhound/cmd/api/src/queries/TestRewriter_Enter_ADAttackPathsShortcut_ReplacesKinds","TestRewriter_Enter_ADAttackPathsShortcut_ReplacesKinds"
"","11","does not render note content when selected is null","HistoryNotes Component","Thu Jun 04 03:35:55 UTC 2026","passed","Thu Jun 04 03:35:55 UTC 2026","","","",""
"","189","renders a snackbar notification in the dom and tests the long autoHideDuration","AppNotifications","Thu Jun 04 03:34:52 UTC 2026","passed","Thu Jun 04 03:34:52 UTC 2026","","","",""
"Test cases for TestMergedFS_Open","0","TestMergedFS_Open","","Thu Jun 04 03:29:41 UTC 2026","passed","Thu Jun 04 03:29:41 UTC 2026","","Go Test","github.com/specterops/bloodhound/cmd/api/src/database/migration/TestMergedFS_Open","TestMergedFS_Open"
"","4","matches all AD edges","Make sure pathfinding filterable edges match schemagen","Thu Jun 04 03:36:11 UTC 2026","passed","Thu Jun 04 03:36:11 UTC 2026","","","",""
"Test cases for TestWriteErrorResponse_V2","0","TestWriteErrorResponse_V2","","Thu Jun 04 03:29:28 UTC 2026","passed","Thu Jun 04 03:29:28 UTC 2026","","Go Test","github.com/specterops/bloodhound/cmd/api/src/api/TestWriteErrorResponse_V2","TestWriteErrorResponse_V2"
"Test cases for TestResources_ListPublishedTemplates","6","TestResources_ListPublishedTemplates","","Thu Jun 04 03:29:38 UTC 2026","passed","Thu Jun 04 03:29:38 UTC 2026","","Go Test","github.com/specterops/bloodhound/cmd/api/src/api/v2/TestResources_ListPublishedTemplates","TestResources_ListPublishedTemplates"
"","17","will update the selected filters based on the values stored in query params when the initialize function is called","usePathfindingFilters","Thu Jun 04 03:35:34 UTC 2026","passed","Thu Jun 04 03:35:34 UTC 2026","","","",""
"Test cases for TestManagementResource_ListUsers_SortingError","0","TestManagementResource_ListUsers_SortingError","","Thu Jun 04 03:29:45 UTC 2026","passed","Thu Jun 04 03:29:45 UTC 2026","","Go Test","github.com/specterops/bloodhound/cmd/api/src/api/v2/auth/TestManagementResource_ListUsers_SortingError","TestManagementResource_ListUsers_SortingError"
"","22","tag members refetches on sort change","the useAssetGroupTags utilities","Thu Jun 04 03:32:42 UTC 2026","passed","Thu Jun 04 03:32:42 UTC 2026","","","",""
"","261","sets a primarySearch=id and searchType=pathfinding when secondarySearch is truethy","ContextMenu","Thu Jun 04 03:32:40 UTC 2026","passed","Thu Jun 04 03:32:40 UTC 2026","","","",""
"","10","renders nothing if flag is disabled and disabled prop is not provided","FeatureFlag","Thu Jun 04 03:35:06 UTC 2026","passed","Thu Jun 04 03:35:06 UTC 2026","","","",""
"Test cases for Test_parseAuthorizationHeader","0","Test_parseAuthorizationHeader","","Thu Jun 04 03:29:32 UTC 2026","passed","Thu Jun 04 03:29:32 UTC 2026","","Go Test","github.com/specterops/bloodhound/cmd/api/src/api/middleware/Test_parseAuthorizationHeader","Test_parseAuthorizationHeader"
"","110","should on clicking collapse all remove expandedPanelSections param from url and set isObjectInfoPanelOpen in context to false","EntityInfoHeader","Thu Jun 04 03:34:29 UTC 2026","passed","Thu Jun 04 03:34:29 UTC 2026","","","",""
"","557","On successful upload, displays a completion of 100% and adds a ""Complete"" button that closes the dialog","SchemaUploadDialog","Thu Jun 04 03:32:17 UTC 2026","passed","Thu Jun 04 03:32:17 UTC 2026","","","",""
"Test cases for TestManagementResource_ListAuthTokens_Filtered","0","TestManagementResource_ListAuthTokens_Filtered","","Thu Jun 04 03:30:05 UTC 2026","passed","Thu Jun 04 03:30:05 UTC 2026","","Go Test","github.com/specterops/bloodhound/cmd/api/src/api/v2/auth/TestManagementResource_ListAuthTokens_Filtered","TestManagementResource_ListAuthTokens_Filtered"
"Test cases for TestAuditLogin_UserNotFound","0","TestAuditLogin_UserNotFound","","Thu Jun 04 03:29:27 UTC 2026","passed","Thu Jun 04 03:29:27 UTC 2026","","Go Test","github.com/specterops/bloodhound/cmd/api/src/api/TestAuditLogin_UserNotFound","TestAuditLogin_UserNotFound"
"Test cases for TestResources_UpdateSavedQuery_Admin_NonPublicQuery","0","TestResources_UpdateSavedQuery_Admin_NonPublicQuery","","Thu Jun 04 03:29:39 UTC 2026","passed","Thu Jun 04 03:29:39 UTC 2026","","Go Test","github.com/specterops/bloodhound/cmd/api/src/api/v2/TestResources_UpdateSavedQuery_Admin_NonPublicQuery","TestResources_UpdateSavedQuery_Admin_NonPublicQuery"
"Test cases for TestSavedQueries_IsSortable","0","TestSavedQueries_IsSortable","","Thu Jun 04 03:29:43 UTC 2026","passed","Thu Jun 04 03:29:43 UTC 2026","","Go Test","github.com/specterops/bloodhound/cmd/api/src/model/TestSavedQueries_IsSortable","TestSavedQueries_IsSortable"
"","524","should not call onSave when Save button is clicked and form input is invalid","UpdateUserDialog","Thu Jun 04 03:31:58 UTC 2026","passed","Thu Jun 04 03:31:59 UTC 2026","","","",""
"Test cases for TestStringSetValid","0","TestStringSetValid","","Thu Jun 04 03:29:42 UTC 2026","passed","Thu Jun 04 03:29:42 UTC 2026","","Go Test","github.com/specterops/bloodhound/cmd/api/src/database/types/null/TestStringSetValid","TestStringSetValid"
"Test cases for TestParseLimitQueryParameter_Invalid","0","TestParseLimitQueryParameter_Invalid","","Thu Jun 04 03:29:39 UTC 2026","passed","Thu Jun 04 03:29:39 UTC 2026","","Go Test","github.com/specterops/bloodhound/cmd/api/src/api/v2/TestParseLimitQueryParameter_Invalid","TestParseLimitQueryParameter_Invalid"
"Test cases for TestResources_GetSearchResult","3","TestResources_GetSearchResult","","Thu Jun 04 03:29:39 UTC 2026","passed","Thu Jun 04 03:29:39 UTC 2026","","Go Test","github.com/specterops/bloodhound/cmd/api/src/api/v2/TestResources_GetSearchResult","TestResources_GetSearchResult"
"","536","clear validation error on input","ManagedDatePicker - date validation","Thu Jun 04 03:33:52 UTC 2026","passed","Thu Jun 04 03:33:53 UTC 2026","","","",""
"Test cases for TestResources_GetAssetGroupMemberCount_IDMalformed","0","TestResources_GetAssetGroupMemberCount_IDMalformed","","Thu Jun 04 03:29:38 UTC 2026","passed","Thu Jun 04 03:29:38 UTC 2026","","Go Test","github.com/specterops/bloodhound/cmd/api/src/api/v2/TestResources_GetAssetGroupMemberCount_IDMalformed","TestResources_GetAssetGroupMemberCount_IDMalformed"
"","9","does not render when selector is default","Delete Selector Button rendering","Thu Jun 04 03:35:51 UTC 2026","passed","Thu Jun 04 03:35:51 UTC 2026","","","",""
"Test cases for TestManagementResource_ListPermissions_InvalidFilterPredicate","0","TestManagementResource_ListPermissions_InvalidFilterPredicate","","Thu Jun 04 03:29:45 UTC 2026","passed","Thu Jun 04 03:29:45 UTC 2026","","Go Test","github.com/specterops/bloodhound/cmd/api/src/api/v2/auth/TestManagementResource_ListPermissions_InvalidFilterPredicate","TestManagementResource_ListPermissions_InvalidFilterPredicate"
"Test cases for Test_CheckAccessToEnvironments","128","Test_CheckAccessToEnvironments","","Thu Jun 04 03:29:39 UTC 2026","passed","Thu Jun 04 03:29:39 UTC 2026","","Go Test","github.com/specterops/bloodhound/cmd/api/src/api/v2/Test_CheckAccessToEnvironments","Test_CheckAccessToEnvironments"
"","38","renders GraphButton with correct text","GraphControls","Thu Jun 04 03:31:02 UTC 2026","passed","Thu Jun 04 03:31:02 UTC 2026","","Searching current results","",""
"","147","displays a table of completed ingest logs","FileIngest","Thu Jun 04 03:35:20 UTC 2026","passed","Thu Jun 04 03:35:20 UTC 2026","","","",""
"","63","calls openSAMLProviderDialog when create provider button is clicked","CreateMenu","Thu Jun 04 03:33:02 UTC 2026","passed","Thu Jun 04 03:33:02 UTC 2026","","oidc_support feature flag disabled","",""
"","22","returns the OpenGraph environmentInfo when environmentAggregation param is not a known type","useAvailableEnvironments","Thu Jun 04 03:33:35 UTC 2026","passed","Thu Jun 04 03:33:35 UTC 2026","","useSelectedEnvironment","",""
"","153","shows ""Expired"" in red when the expiration date has already passed","UserTokenManagementDialog - API Expiration Date column","Thu Jun 04 03:32:37 UTC 2026","passed","Thu Jun 04 03:32:37 UTC 2026","","","",""
"","166","invokes handleFilterChange with eq:false when clicked and custom_member filter is on","AssetGroupEdit","Thu Jun 04 03:33:00 UTC 2026","passed","Thu Jun 04 03:33:00 UTC 2026","","Custom Member checkbox filter","",""
"Test cases for TestBoolValueOrZero","0","TestBoolValueOrZero","","Thu Jun 04 03:29:42 UTC 2026","passed","Thu Jun 04 03:29:42 UTC 2026","","Go Test","github.com/specterops/bloodhound/cmd/api/src/database/types/null/TestBoolValueOrZero","TestBoolValueOrZero"
"Test cases for TestCache_Get","0","TestCache_Get","","Thu Jun 04 03:29:55 UTC 2026","passed","Thu Jun 04 03:29:55 UTC 2026","","Go Test","github.com/specterops/bloodhound/packages/go/cache/TestCache_Get","TestCache_Get"
"","0","escapes a single quote","escapeCypherString","Thu Jun 04 03:36:05 UTC 2026","passed","Thu Jun 04 03:36:05 UTC 2026","","","",""
"","1958","renders","DatabaseManagement","Thu Jun 04 03:36:37 UTC 2026","passed","Thu Jun 04 03:36:39 UTC 2026","","","",""
"Test cases for Test_GetAssetGroupMembersBySelector","3","Test_GetAssetGroupMembersBySelector","","Thu Jun 04 03:29:38 UTC 2026","passed","Thu Jun 04 03:29:38 UTC 2026","","Go Test","github.com/specterops/bloodhound/cmd/api/src/api/v2/Test_GetAssetGroupMembersBySelector","Test_GetAssetGroupMembersBySelector"
"","33","returns initialValue when the key is absent from localStorage","useLocalStorage","Thu Jun 04 03:33:18 UTC 2026","passed","Thu Jun 04 03:33:18 UTC 2026","","initial value","",""
"Test cases for TestUnmarshalString","0","TestUnmarshalString","","Thu Jun 04 03:29:42 UTC 2026","passed","Thu Jun 04 03:29:42 UTC 2026","","Go Test","github.com/specterops/bloodhound/cmd/api/src/database/types/null/TestUnmarshalString","TestUnmarshalString"
"","1","should compute the midpoint of a line segment","bezier","Thu Jun 04 03:37:02 UTC 2026","passed","Thu Jun 04 03:37:02 UTC 2026","","","",""
"","656","should display all available roles","UpdateUserDialog","Thu Jun 04 03:31:59 UTC 2026","passed","Thu Jun 04 03:32:00 UTC 2026","","","",""
"Test cases for TestBuildErrorResponseConflict","0","TestBuildErrorResponseConflict","","Thu Jun 04 03:29:28 UTC 2026","passed","Thu Jun 04 03:29:28 UTC 2026","","Go Test","github.com/specterops/bloodhound/cmd/api/src/api/TestBuildErrorResponseConflict","TestBuildErrorResponseConflict"
"Test cases for TestTypes_Value","0","TestTypes_Value","","Thu Jun 04 03:29:42 UTC 2026","passed","Thu Jun 04 03:29:42 UTC 2026","","Go Test","github.com/specterops/bloodhound/cmd/api/src/database/types/TestTypes_Value","TestTypes_Value"
"","0","returns Object ID message when ruleType is SeedTypeObjectId and seeds are required","getErrorMessage","Thu Jun 04 03:32:20 UTC 2026","passed","Thu Jun 04 03:32:20 UTC 2026","","","",""
"Test cases for TestDisenrollMFA_Failure","1","TestDisenrollMFA_Failure","","Thu Jun 04 03:30:07 UTC 2026","passed","Thu Jun 04 03:30:07 UTC 2026","","Go Test","github.com/specterops/bloodhound/cmd/api/src/api/v2/auth/TestDisenrollMFA_Failure","TestDisenrollMFA_Failure"
"Test cases for TestManagementResource_ListSAMLSignOnEndpoints","15","TestManagementResource_ListSAMLSignOnEndpoints","","Thu Jun 04 03:30:14 UTC 2026","passed","Thu Jun 04 03:30:14 UTC 2026","","Go Test","github.com/specterops/bloodhound/cmd/api/src/api/v2/auth/TestManagementResource_ListSAMLSignOnEndpoints","TestManagementResource_ListSAMLSignOnEndpoints"
"Test cases for TestManagementResource_ListAuthProviders","0","TestManagementResource_ListAuthProviders","","Thu Jun 04 03:30:14 UTC 2026","passed","Thu Jun 04 03:30:14 UTC 2026","","Go Test","github.com/specterops/bloodhound/cmd/api/src/api/v2/auth/TestManagementResource_ListAuthProviders","TestManagementResource_ListAuthProviders"
"","144","requests finished jobs","useFinishedJobs","Thu Jun 04 03:33:29 UTC 2026","passed","Thu Jun 04 03:33:29 UTC 2026","","","",""
"Test that the digester handles empty property lists gracefully","0","TestCacheEntryDigester_EmptyMatchers","","Thu Jun 04 03:29:46 UTC 2026","passed","Thu Jun 04 03:29:46 UTC 2026","","Go Test","github.com/specterops/bloodhound/cmd/api/src/services/graphify/endpoint/TestCacheEntryDigester_EmptyMatchers","TestCacheEntryDigester_EmptyMatchers"
"","51","displays ! icon when one of the Affected Object calls fail","EntityInfoDataTableGraphed","Thu Jun 04 03:33:09 UTC 2026","passed","Thu Jun 04 03:33:09 UTC 2026","","Node count for nested table that counts all sections","",""
"","1","floors DateTime objects to the nearest minute","floorToNearestMinute","Thu Jun 04 03:35:26 UTC 2026","passed","Thu Jun 04 03:35:26 UTC 2026","","","",""
"Test cases for TestResources_CypherQuery","133","TestResources_CypherQuery","","Thu Jun 04 03:29:38 UTC 2026","passed","Thu Jun 04 03:29:39 UTC 2026","","Go Test","github.com/specterops/bloodhound/cmd/api/src/api/v2/TestResources_CypherQuery","TestResources_CypherQuery"
"","7","announces a polite message (default priority)","AnnouncementProvider","Thu Jun 04 03:34:21 UTC 2026","passed","Thu Jun 04 03:34:21 UTC 2026","","","",""
"Test cases for TestClearCache_HA","0","TestClearCache_HA","","Thu Jun 04 03:29:40 UTC 2026","passed","Thu Jun 04 03:29:40 UTC 2026","","Go Test","github.com/specterops/bloodhound/cmd/api/src/daemons/changelog/TestClearCache_HA","TestClearCache_HA"
"Test cases for TestCreateUser_Success","1206","TestCreateUser_Success","","Thu Jun 04 03:29:46 UTC 2026","passed","Thu Jun 04 03:29:47 UTC 2026","","Go Test","github.com/specterops/bloodhound/cmd/api/src/api/v2/auth/TestCreateUser_Success","TestCreateUser_Success"
"Test cases for TestNewRewriter","0","TestNewRewriter","","Thu Jun 04 03:29:44 UTC 2026","passed","Thu Jun 04 03:29:44 UTC 2026","","Go Test","github.com/specterops/bloodhound/cmd/api/src/queries/TestNewRewriter","TestNewRewriter"
"Test cases for TestIsErrorResponse","0","TestIsErrorResponse","","Thu Jun 04 03:29:28 UTC 2026","passed","Thu Jun 04 03:29:28 UTC 2026","","Go Test","github.com/specterops/bloodhound/cmd/api/src/api/TestIsErrorResponse","TestIsErrorResponse"
"","3","returns empty array when environments is empty","filterAndSearchEnvironments","Thu Jun 04 03:31:05 UTC 2026","passed","Thu Jun 04 03:31:05 UTC 2026","","with empty environments","",""
"","883","should open save dialog on keyboard press alt+S","CypherSearch","Thu Jun 04 03:31:38 UTC 2026","passed","Thu Jun 04 03:31:39 UTC 2026","","","",""
"","14","the ID value reflects the URL when it is available","usePZQueryParams","Thu Jun 04 03:34:17 UTC 2026","passed","Thu Jun 04 03:34:17 UTC 2026","","","",""
"","774","renders a primary button as expected","DropdownSelector","Thu Jun 04 03:34:48 UTC 2026","passed","Thu Jun 04 03:34:49 UTC 2026","","","",""
"","429","disables confirm button until extension name is typed correctly","ActiveExtensionsCard","Thu Jun 04 03:31:13 UTC 2026","passed","Thu Jun 04 03:31:14 UTC 2026","","","",""
"Test cases for TestGetADDataQualityStats_Success","0","TestGetADDataQualityStats_Success","","Thu Jun 04 03:29:38 UTC 2026","passed","Thu Jun 04 03:29:38 UTC 2026","","Go Test","github.com/specterops/bloodhound/cmd/api/src/api/v2/TestGetADDataQualityStats_Success","TestGetADDataQualityStats_Success"
"","595","should render a SaveQueryDialog","SaveQueryDialog","Thu Jun 04 03:30:40 UTC 2026","passed","Thu Jun 04 03:30:41 UTC 2026","","","",""
"Test cases for TestServeHTTP_Success","1","TestServeHTTP_Success","","Thu Jun 04 03:29:32 UTC 2026","passed","Thu Jun 04 03:29:32 UTC 2026","","Go Test","github.com/specterops/bloodhound/cmd/api/src/api/middleware/TestServeHTTP_Success","TestServeHTTP_Success"
"","114","enables the user actions menu for a user with the administrator role","User Actions Menu","Thu Jun 04 03:33:43 UTC 2026","passed","Thu Jun 04 03:33:43 UTC 2026","","Button Menu State","",""
"Test cases for TestParseGPOData","1","TestParseGPOData","","Thu Jun 04 03:29:56 UTC 2026","passed","Thu Jun 04 03:29:56 UTC 2026","","Go Test","github.com/specterops/bloodhound/packages/go/ein/TestParseGPOData","TestParseGPOData"
"","571","should accept passwords with unicode symbol characters","CreateUserForm","Thu Jun 04 03:31:22 UTC 2026","passed","Thu Jun 04 03:31:23 UTC 2026","","","",""
"","2416","Clicking header allows user to sort by column","ExploreTable","Thu Jun 04 03:30:39 UTC 2026","passed","Thu Jun 04 03:30:41 UTC 2026","","","",""
"Test cases for TestAddOrderByToNeo4jQuery_WithOrderByClause","0","TestAddOrderByToNeo4jQuery_WithOrderByClause","","Thu Jun 04 03:29:39 UTC 2026","passed","Thu Jun 04 03:29:39 UTC 2026","","Go Test","github.com/specterops/bloodhound/cmd/api/src/api/v2/TestAddOrderByToNeo4jQuery_WithOrderByClause","TestAddOrderByToNeo4jQuery_WithOrderByClause"
"","3","should compute normal vectors for line segments","bezier","Thu Jun 04 03:37:02 UTC 2026","passed","Thu Jun 04 03:37:02 UTC 2026","","","",""
"","11","should not render if open === false","ConfirmUpdateQueryDialog","Thu Jun 04 03:35:48 UTC 2026","passed","Thu Jun 04 03:35:48 UTC 2026","","","",""
"","91","clicking cancel on the form takes the user back to the page the user was on previously","Tag Form","Thu Jun 04 03:30:42 UTC 2026","passed","Thu Jun 04 03:30:42 UTC 2026","","","",""
"","38","applies empty state height when no results","ActiveExtensionsCard","Thu Jun 04 03:31:12 UTC 2026","passed","Thu Jun 04 03:31:12 UTC 2026","","","",""
"","59","enables filtering out for tags that are treated as Labels (including Owned)","the useAssetGroupTags utilities","Thu Jun 04 03:32:42 UTC 2026","passed","Thu Jun 04 03:32:42 UTC 2026","","","",""
"","14","should render a Field when the provided value is -0","Field","Thu Jun 04 03:35:36 UTC 2026","passed","Thu Jun 04 03:35:36 UTC 2026","","","",""
"","92","calls onSort when clicked with a tooltip","ColumnHeaders","Thu Jun 04 03:33:55 UTC 2026","passed","Thu Jun 04 03:33:55 UTC 2026","","SortableHeader with Tooltip","",""
"","1","returns null if paramValue is undefined","useEnvironmentParams","Thu Jun 04 03:36:11 UTC 2026","passed","Thu Jun 04 03:36:11 UTC 2026","","parseEnvironmentAggregation","",""
"","0","returns default error message for unknown API messages","getErrorMessage","Thu Jun 04 03:32:20 UTC 2026","passed","Thu Jun 04 03:32:20 UTC 2026","","","",""
"","771","should fire Confirm once with true after typing challenge text","DeleteConfirmationDialog","Thu Jun 04 03:35:40 UTC 2026","passed","Thu Jun 04 03:35:41 UTC 2026","","","",""
"","385","displays an autofocused text input","SearchCurrentNodes","Thu Jun 04 03:34:11 UTC 2026","passed","Thu Jun 04 03:34:12 UTC 2026","","","",""
"Test cases for TestResources_PreviewSelectors","9","TestResources_PreviewSelectors","","Thu Jun 04 03:29:38 UTC 2026","passed","Thu Jun 04 03:29:38 UTC 2026","","Go Test","github.com/specterops/bloodhound/cmd/api/src/api/v2/TestResources_PreviewSelectors","TestResources_PreviewSelectors"
"","227","shows Popper when isCurrentSearchOpen is true","GraphControls","Thu Jun 04 03:31:03 UTC 2026","passed","Thu Jun 04 03:31:03 UTC 2026","","Searching current results","",""
"","160","calls handleFilterChange with all filter types and empty strings when clicked while filters are active","AssetGroupEdit","Thu Jun 04 03:33:00 UTC 2026","passed","Thu Jun 04 03:33:00 UTC 2026","","Clear Filters button","",""
"","274","on clicking switch shows modal and when clicking confirm closes it and switch changes to disabled","CitrixRDPConfiguration","Thu Jun 04 03:33:06 UTC 2026","passed","Thu Jun 04 03:33:06 UTC 2026","","Click on switch to disable","",""
"","1","shows no collection methods","toCollected","Thu Jun 04 03:35:46 UTC 2026","passed","Thu Jun 04 03:35:46 UTC 2026","","","",""
"Test cases for TestManagementResource_DeleteAuthToken","16","TestManagementResource_DeleteAuthToken","","Thu Jun 04 03:30:14 UTC 2026","passed","Thu Jun 04 03:30:14 UTC 2026","","Go Test","github.com/specterops/bloodhound/cmd/api/src/api/v2/auth/TestManagementResource_DeleteAuthToken","TestManagementResource_DeleteAuthToken"
"Test cases for TestParseSkipQueryParameter","0","TestParseSkipQueryParameter","","Thu Jun 04 03:29:39 UTC 2026","passed","Thu Jun 04 03:29:39 UTC 2026","","Go Test","github.com/specterops/bloodhound/cmd/api/src/api/v2/TestParseSkipQueryParameter","TestParseSkipQueryParameter"
"Test cases for TestResources_BuildDeleteRequest","0","TestResources_BuildDeleteRequest","","Thu Jun 04 03:29:38 UTC 2026","passed","Thu Jun 04 03:29:38 UTC 2026","","Go Test","github.com/specterops/bloodhound/cmd/api/src/api/v2/TestResources_BuildDeleteRequest","TestResources_BuildDeleteRequest"
"Test cases for TestManagementResource_ListUsers","0","TestManagementResource_ListUsers","","Thu Jun 04 03:29:45 UTC 2026","passed","Thu Jun 04 03:29:45 UTC 2026","","Go Test","github.com/specterops/bloodhound/cmd/api/src/api/v2/auth/TestManagementResource_ListUsers","TestManagementResource_ListUsers"
"","402","should disable Cancel and Save buttons while isLoading is true","CreateUserDialog","Thu Jun 04 03:31:40 UTC 2026","passed","Thu Jun 04 03:31:40 UTC 2026","","","",""
"","5358","closes explore search tab menu when search returns one node, entity info panel remains open","CypherSearch","Thu Jun 04 03:31:51 UTC 2026","passed","Thu Jun 04 03:31:56 UTC 2026","","Minimize explorer page elements when multiple nodes are returned","",""
"Test cases for TestManagementResource_ListRoles_SortingError","1","TestManagementResource_ListRoles_SortingError","","Thu Jun 04 03:29:45 UTC 2026","passed","Thu Jun 04 03:29:45 UTC 2026","","Go Test","github.com/specterops/bloodhound/cmd/api/src/api/v2/auth/TestManagementResource_ListRoles_SortingError","TestManagementResource_ListRoles_SortingError"
"Test cases for TestTimeIsZero","0","TestTimeIsZero","","Thu Jun 04 03:29:42 UTC 2026","passed","Thu Jun 04 03:29:42 UTC 2026","","Go Test","github.com/specterops/bloodhound/cmd/api/src/database/types/null/TestTimeIsZero","TestTimeIsZero"
"Test cases for TestResources_GetCertTemplateEntityInfo","290","TestResources_GetCertTemplateEntityInfo","","Thu Jun 04 03:29:38 UTC 2026","passed","Thu Jun 04 03:29:39 UTC 2026","","Go Test","github.com/specterops/bloodhound/cmd/api/src/api/v2/TestResources_GetCertTemplateEntityInfo","TestResources_GetCertTemplateEntityInfo"
"","2505","should clear out the SSO Provider id from submission data when the authentication method is changed","CreateUserDialog","Thu Jun 04 03:31:40 UTC 2026","passed","Thu Jun 04 03:31:43 UTC 2026","","","",""
"","2897","should render expand all and collapse all buttons","Pathfinding","Thu Jun 04 03:31:22 UTC 2026","passed","Thu Jun 04 03:31:24 UTC 2026","","","",""
"Test cases for TestReconcile","0","TestReconcile","","Thu Jun 04 03:29:41 UTC 2026","passed","Thu Jun 04 03:29:41 UTC 2026","","Go Test","github.com/specterops/bloodhound/cmd/api/src/database/TestReconcile","TestReconcile"
"Test cases for TestSet","0","TestSet","","Thu Jun 04 03:29:57 UTC 2026","passed","Thu Jun 04 03:29:57 UTC 2026","","Go Test","github.com/specterops/bloodhound/packages/go/lab/internal/TestSet","TestSet"
"","1913","renders","Glyph Select Dialog","Thu Jun 04 03:35:44 UTC 2026","passed","Thu Jun 04 03:35:46 UTC 2026","","","",""
"","6003","expand all button expands all sections after collapsing","Pathfinding","Thu Jun 04 03:31:58 UTC 2026","passed","Thu Jun 04 03:32:04 UTC 2026","","","",""
"","1993","should call the setCypherQuery handler when the value in the editor changes","CypherSearch","Thu Jun 04 03:31:34 UTC 2026","passed","Thu Jun 04 03:31:36 UTC 2026","","","",""
"Test cases for TestIntSetValid","1","TestIntSetValid","","Thu Jun 04 03:29:42 UTC 2026","passed","Thu Jun 04 03:29:42 UTC 2026","","Go Test","github.com/specterops/bloodhound/cmd/api/src/database/types/null/TestIntSetValid","TestIntSetValid"
"","10","adds expected text alignment class depending on the textAlign prop","ColumnHeaders","Thu Jun 04 03:33:54 UTC 2026","passed","Thu Jun 04 03:33:54 UTC 2026","","BaseColumnHeader","",""
"","1400","clears input when dialog is closed and reopened","ActiveExtensionsCard","Thu Jun 04 03:31:14 UTC 2026","passed","Thu Jun 04 03:31:15 UTC 2026","","","",""
"","286","toggles sort order when clicking sortable header","RulesAccordion","Thu Jun 04 03:34:06 UTC 2026","passed","Thu Jun 04 03:34:07 UTC 2026","","","",""
"Test cases for TestResources_UpdateAssetGroupSelectors_GetAssetGroupError","2","TestResources_UpdateAssetGroupSelectors_GetAssetGroupError","","Thu Jun 04 03:29:38 UTC 2026","passed","Thu Jun 04 03:29:38 UTC 2026","","Go Test","github.com/specterops/bloodhound/cmd/api/src/api/v2/TestResources_UpdateAssetGroupSelectors_GetAssetGroupError","TestResources_UpdateAssetGroupSelectors_GetAssetGroupError"
"","552","should not call onSave when Save button is clicked and form input is invalid","CreateUserDialog","Thu Jun 04 03:31:36 UTC 2026","passed","Thu Jun 04 03:31:37 UTC 2026","","","",""
"","46","displays a loading message while fetching extensions","ActiveExtensionsCard","Thu Jun 04 03:31:09 UTC 2026","passed","Thu Jun 04 03:31:09 UTC 2026","","","",""
"Test cases for TestSavedQueries_IsString","0","TestSavedQueries_IsString","","Thu Jun 04 03:29:43 UTC 2026","passed","Thu Jun 04 03:29:43 UTC 2026","","Go Test","github.com/specterops/bloodhound/cmd/api/src/model/TestSavedQueries_IsString","TestSavedQueries_IsString"
"","244","closes the dialog when the ""Cancel"" button is clicked","SchemaUploadDialog","Thu Jun 04 03:32:16 UTC 2026","passed","Thu Jun 04 03:32:17 UTC 2026","","","",""
"Test cases for TestTimePointer","0","TestTimePointer","","Thu Jun 04 03:29:42 UTC 2026","passed","Thu Jun 04 03:29:42 UTC 2026","","Go Test","github.com/specterops/bloodhound/cmd/api/src/database/types/null/TestTimePointer","TestTimePointer"
"Test cases for Test_AuthMiddleware","0","Test_AuthMiddleware","","Thu Jun 04 03:29:32 UTC 2026","passed","Thu Jun 04 03:29:32 UTC 2026","","Go Test","github.com/specterops/bloodhound/cmd/api/src/api/middleware/Test_AuthMiddleware","Test_AuthMiddleware"
"Test cases for TestContextMiddlewareBypassEnabled","0","TestContextMiddlewareBypassEnabled","","Thu Jun 04 03:29:32 UTC 2026","passed","Thu Jun 04 03:29:32 UTC 2026","","Go Test","github.com/specterops/bloodhound/cmd/api/src/api/middleware/TestContextMiddlewareBypassEnabled","TestContextMiddlewareBypassEnabled"
"Test cases for TestSortJSONArrayElements","1","TestSortJSONArrayElements","","Thu Jun 04 03:29:51 UTC 2026","passed","Thu Jun 04 03:29:51 UTC 2026","","Go Test","github.com/specterops/bloodhound/cmd/api/src/utils/test/TestSortJSONArrayElements","TestSortJSONArrayElements"
"Test cases for TestHeaderMatches","0","TestHeaderMatches","","Thu Jun 04 03:29:50 UTC 2026","passed","Thu Jun 04 03:29:50 UTC 2026","","Go Test","github.com/specterops/bloodhound/cmd/api/src/utils/TestHeaderMatches","TestHeaderMatches"
"Test cases for TestParseSkipQueryParameter_Invalid","0","TestParseSkipQueryParameter_Invalid","","Thu Jun 04 03:29:39 UTC 2026","passed","Thu Jun 04 03:29:39 UTC 2026","","Go Test","github.com/specterops/bloodhound/cmd/api/src/api/v2/TestParseSkipQueryParameter_Invalid","TestParseSkipQueryParameter_Invalid"
"Test cases for TestRoleMembers","1","TestRoleMembers","","Thu Jun 04 03:29:55 UTC 2026","passed","Thu Jun 04 03:29:55 UTC 2026","","Go Test","github.com/specterops/bloodhound/packages/go/analysis/azure/TestRoleMembers","TestRoleMembers"
"","397","has user filters","FileIngestFilterDialog","Thu Jun 04 03:32:29 UTC 2026","passed","Thu Jun 04 03:32:29 UTC 2026","","User Select","",""
"Test cases for TestResources_ListRootCAPKIHierarchy","0","TestResources_ListRootCAPKIHierarchy","","Thu Jun 04 03:29:38 UTC 2026","passed","Thu Jun 04 03:29:38 UTC 2026","","Go Test","github.com/specterops/bloodhound/cmd/api/src/api/v2/TestResources_ListRootCAPKIHierarchy","TestResources_ListRootCAPKIHierarchy"
"","65","returns true when nodes are available","useGraphHasData","Thu Jun 04 03:35:37 UTC 2026","passed","Thu Jun 04 03:35:37 UTC 2026","","","",""
"","304","should render","Rule Object Select","Thu Jun 04 03:34:47 UTC 2026","passed","Thu Jun 04 03:34:47 UTC 2026","","","",""
"","30","sets autoDisplayTable to false if query returns no results","useExploreTableAutoDisplay","Thu Jun 04 03:35:02 UTC 2026","passed","Thu Jun 04 03:35:02 UTC 2026","","","",""
"Test cases for TestRewriter_Enter_AzureAttackPathsShortcut_ReplacesKinds","0","TestRewriter_Enter_AzureAttackPathsShortcut_ReplacesKinds","","Thu Jun 04 03:29:44 UTC 2026","passed","Thu Jun 04 03:29:44 UTC 2026","","Go Test","github.com/specterops/bloodhound/cmd/api/src/queries/TestRewriter_Enter_AzureAttackPathsShortcut_ReplacesKinds","TestRewriter_Enter_AzureAttackPathsShortcut_ReplacesKinds"
"Test cases for TestResources_DeleteAssetGroupTagSelector","0","TestResources_DeleteAssetGroupTagSelector","","Thu Jun 04 03:29:38 UTC 2026","passed","Thu Jun 04 03:29:38 UTC 2026","","Go Test","github.com/specterops/bloodhound/cmd/api/src/api/v2/TestResources_DeleteAssetGroupTagSelector","TestResources_DeleteAssetGroupTagSelector"
"","0","combines platform and risk filters","filterAndSearchEnvironments","Thu Jun 04 03:31:05 UTC 2026","passed","Thu Jun 04 03:31:05 UTC 2026","","combined filters","",""
"","1076","should render many sections with many navigation items","SubNav","Thu Jun 04 03:34:58 UTC 2026","passed","Thu Jun 04 03:34:59 UTC 2026","","","",""
"Test cases for TestAssetGroupMembers_SortBy","0","TestAssetGroupMembers_SortBy","","Thu Jun 04 03:29:27 UTC 2026","passed","Thu Jun 04 03:29:27 UTC 2026","","Go Test","github.com/specterops/bloodhound/cmd/api/src/api/TestAssetGroupMembers_SortBy","TestAssetGroupMembers_SortBy"
"Test cases for Test_runMaybeCachedEntityQuery","4","Test_runMaybeCachedEntityQuery","","Thu Jun 04 03:29:44 UTC 2026","passed","Thu Jun 04 03:29:44 UTC 2026","","Go Test","github.com/specterops/bloodhound/cmd/api/src/queries/Test_runMaybeCachedEntityQuery","Test_runMaybeCachedEntityQuery"
"","1283","shows tooltip content when hovering the info icon in the Namespace column header","ActiveExtensionsCard","Thu Jun 04 03:31:10 UTC 2026","passed","Thu Jun 04 03:31:11 UTC 2026","","","",""
"","1280","renders asset group edit options with graph write permissions","ContextMenu","Thu Jun 04 03:32:37 UTC 2026","passed","Thu Jun 04 03:32:39 UTC 2026","","","",""
"Test cases for TestManagementResource_ListAuthTokens_NonAdmin","0","TestManagementResource_ListAuthTokens_NonAdmin","","Thu Jun 04 03:30:05 UTC 2026","passed","Thu Jun 04 03:30:05 UTC 2026","","Go Test","github.com/specterops/bloodhound/cmd/api/src/api/v2/auth/TestManagementResource_ListAuthTokens_NonAdmin","TestManagementResource_ListAuthTokens_NonAdmin"
"","346","renders","ObjectsAccordion","Thu Jun 04 03:34:08 UTC 2026","passed","Thu Jun 04 03:34:08 UTC 2026","","","",""
"Test cases for TestManagementResource_SAMLLoginRedirect","15","TestManagementResource_SAMLLoginRedirect","","Thu Jun 04 03:30:14 UTC 2026","passed","Thu Jun 04 03:30:14 UTC 2026","","Go Test","github.com/specterops/bloodhound/cmd/api/src/api/v2/auth/TestManagementResource_SAMLLoginRedirect","TestManagementResource_SAMLLoginRedirect"
"Test cases for TestMatches_FailureModel","0","TestMatches_FailureModel","","Thu Jun 04 03:29:43 UTC 2026","passed","Thu Jun 04 03:29:43 UTC 2026","","Go Test","github.com/specterops/bloodhound/cmd/api/src/model/TestMatches_FailureModel","TestMatches_FailureModel"
"","1836","handles posting a mutation","DatabaseManagement","Thu Jun 04 03:36:42 UTC 2026","passed","Thu Jun 04 03:36:44 UTC 2026","","","",""
"Test cases for Test_validateGraphExtension","1","Test_validateGraphExtension","","Thu Jun 04 03:29:43 UTC 2026","passed","Thu Jun 04 03:29:43 UTC 2026","","Go Test","github.com/specterops/bloodhound/cmd/api/src/model/Test_validateGraphExtension","Test_validateGraphExtension"
"Test cases for TestMergeNodeKinds","0","TestMergeNodeKinds","","Thu Jun 04 03:29:46 UTC 2026","passed","Thu Jun 04 03:29:46 UTC 2026","","Go Test","github.com/specterops/bloodhound/cmd/api/src/services/graphify/TestMergeNodeKinds","TestMergeNodeKinds"
"","196","disables the create user button when the user is auditor role","Users","Thu Jun 04 03:32:17 UTC 2026","passed","Thu Jun 04 03:32:17 UTC 2026","","","",""
"Test cases for TestOpenGraphSchemaService_GetEnvironmentKindsAndEnvironmentExtensionDisplayNames","1","TestOpenGraphSchemaService_GetEnvironmentKindsAndEnvironmentExtensionDisplayNames","","Thu Jun 04 03:29:47 UTC 2026","passed","Thu Jun 04 03:29:47 UTC 2026","","Go Test","github.com/specterops/bloodhound/cmd/api/src/services/opengraphschema/TestOpenGraphSchemaService_GetEnvironmentKindsAndEnvironmentExtensionDisplayNames","TestOpenGraphSchemaService_GetEnvironmentKindsAndEnvironmentExtensionDisplayNames"
"","0","accepts a sort and compare function","areArraysSimilar","Thu Jun 04 03:35:49 UTC 2026","passed","Thu Jun 04 03:35:49 UTC 2026","","","",""
"","234","renders the form for editing an existing zone","Tag Form","Thu Jun 04 03:30:41 UTC 2026","passed","Thu Jun 04 03:30:41 UTC 2026","","","",""
"","257","should not render list items for domains that are not collected","Context Selector","Thu Jun 04 03:33:13 UTC 2026","passed","Thu Jun 04 03:33:13 UTC 2026","","","",""
"Test cases for TestAuthExtensions","4","TestAuthExtensions","","Thu Jun 04 03:29:28 UTC 2026","passed","Thu Jun 04 03:29:28 UTC 2026","","Go Test","github.com/specterops/bloodhound/cmd/api/src/api/TestAuthExtensions","TestAuthExtensions"
"","7","should recognize active directory properties","validating a node property against the shared generated schema","Thu Jun 04 03:32:53 UTC 2026","passed","Thu Jun 04 03:32:53 UTC 2026","","","",""
"","105","displays an error message while fetching fails","ActiveExtensionsCard","Thu Jun 04 03:31:09 UTC 2026","passed","Thu Jun 04 03:31:09 UTC 2026","","","",""
"","176","renders nothing in the expiration cell when a token has no expires_at","UserTokenManagementDialog - API Expiration Date column","Thu Jun 04 03:32:37 UTC 2026","passed","Thu Jun 04 03:32:37 UTC 2026","","","",""
"Test cases for TestManagementResource_DeleteUser_Success","670","TestManagementResource_DeleteUser_Success","","Thu Jun 04 03:30:02 UTC 2026","passed","Thu Jun 04 03:30:03 UTC 2026","","Go Test","github.com/specterops/bloodhound/cmd/api/src/api/v2/auth/TestManagementResource_DeleteUser_Success","TestManagementResource_DeleteUser_Success"
"","13","displays lastlogon cell as NEVER when the value is -1","ExploreTableDataCell","Thu Jun 04 03:35:29 UTC 2026","passed","Thu Jun 04 03:35:29 UTC 2026","","","",""
"","4","isLoading returns as expected based on all queries combined","queriesAreLoadingOrErrored","Thu Jun 04 03:36:12 UTC 2026","passed","Thu Jun 04 03:36:12 UTC 2026","","","",""
"","272","opens confirmation dialog when delete button is clicked","ActiveExtensionsCard","Thu Jun 04 03:31:12 UTC 2026","passed","Thu Jun 04 03:31:12 UTC 2026","","","",""
"","0","returns undefined if graphData is {} or not a GraphResponse","getExploreTableData","Thu Jun 04 03:34:01 UTC 2026","passed","Thu Jun 04 03:34:01 UTC 2026","","","",""
"Test cases for TestSignRequestValuesUnsupportedHMACMethod","0","TestSignRequestValuesUnsupportedHMACMethod","","Thu Jun 04 03:29:27 UTC 2026","passed","Thu Jun 04 03:29:27 UTC 2026","","Go Test","github.com/specterops/bloodhound/cmd/api/src/api/TestSignRequestValuesUnsupportedHMACMethod","TestSignRequestValuesUnsupportedHMACMethod"
"Test cases for TestManagementResource_CreateSAMLProviderMultipart","14","TestManagementResource_CreateSAMLProviderMultipart","","Thu Jun 04 03:30:14 UTC 2026","passed","Thu Jun 04 03:30:14 UTC 2026","","Go Test","github.com/specterops/bloodhound/cmd/api/src/api/v2/auth/TestManagementResource_CreateSAMLProviderMultipart","TestManagementResource_CreateSAMLProviderMultipart"
"","1","returns the same nodes from the graphData","getExploreTableData","Thu Jun 04 03:34:01 UTC 2026","passed","Thu Jun 04 03:34:01 UTC 2026","","","",""
"","9","should render when search string is in the middle of the text","HighlightedText","Thu Jun 04 03:35:25 UTC 2026","passed","Thu Jun 04 03:35:25 UTC 2026","","","",""
"","0","takes setSearchParams and availableParams returns a function","searchParams","Thu Jun 04 03:34:36 UTC 2026","passed","Thu Jun 04 03:34:36 UTC 2026","","setParamsFactory","",""
"Test cases for TestAddWhereClauseToNeo4jQuery_WithWhereClause","0","TestAddWhereClauseToNeo4jQuery_WithWhereClause","","Thu Jun 04 03:29:39 UTC 2026","passed","Thu Jun 04 03:29:39 UTC 2026","","Go Test","github.com/specterops/bloodhound/cmd/api/src/api/v2/TestAddWhereClauseToNeo4jQuery_WithWhereClause","TestAddWhereClauseToNeo4jQuery_WithWhereClause"
"","13","renders Owned text by default when no Label Selector is available and on a Label page","TagSelector","Thu Jun 04 03:34:20 UTC 2026","passed","Thu Jun 04 03:34:20 UTC 2026","","","",""
"Test cases for TestMatches_FailureErrMsg","0","TestMatches_FailureErrMsg","","Thu Jun 04 03:29:43 UTC 2026","passed","Thu Jun 04 03:29:43 UTC 2026","","Go Test","github.com/specterops/bloodhound/cmd/api/src/model/TestMatches_FailureErrMsg","TestMatches_FailureErrMsg"
"","239","should display ""Cancel"" button","Enable2FADialog","Thu Jun 04 03:34:42 UTC 2026","passed","Thu Jun 04 03:34:42 UTC 2026","","","",""
"Test cases for TestRequiredValidator","0","TestRequiredValidator","","Thu Jun 04 03:29:51 UTC 2026","passed","Thu Jun 04 03:29:51 UTC 2026","","Go Test","github.com/specterops/bloodhound/cmd/api/src/utils/validation/TestRequiredValidator","TestRequiredValidator"
"Test cases for TestResources_ListADDomainDCSyncers","0","TestResources_ListADDomainDCSyncers","","Thu Jun 04 03:29:38 UTC 2026","passed","Thu Jun 04 03:29:38 UTC 2026","","Go Test","github.com/specterops/bloodhound/cmd/api/src/api/v2/TestResources_ListADDomainDCSyncers","TestResources_ListADDomainDCSyncers"
"Test cases for TestResources_ListEdgeTypes","121","TestResources_ListEdgeTypes","","Thu Jun 04 03:29:39 UTC 2026","passed","Thu Jun 04 03:29:39 UTC 2026","","Go Test","github.com/specterops/bloodhound/cmd/api/src/api/v2/TestResources_ListEdgeTypes","TestResources_ListEdgeTypes"
"Test cases for TestGetPlatformAggregateStats_Success","0","TestGetPlatformAggregateStats_Success","","Thu Jun 04 03:29:39 UTC 2026","passed","Thu Jun 04 03:29:39 UTC 2026","","Go Test","github.com/specterops/bloodhound/cmd/api/src/api/v2/TestGetPlatformAggregateStats_Success","TestGetPlatformAggregateStats_Success"
"","15","fully replaces state","useObjectState","Thu Jun 04 03:35:25 UTC 2026","passed","Thu Jun 04 03:35:25 UTC 2026","","","",""
"","250","removes a node from an asset group tag","AssetGroupMenuItem","Thu Jun 04 03:32:55 UTC 2026","passed","Thu Jun 04 03:32:56 UTC 2026","","","",""
"","119","passes check if the user has a required permission","usePermissions","Thu Jun 04 03:33:05 UTC 2026","passed","Thu Jun 04 03:33:05 UTC 2026","","","",""
"","93","should display the ""User Information"" header","UserProfile","Thu Jun 04 03:33:12 UTC 2026","passed","Thu Jun 04 03:33:12 UTC 2026","","","",""
"","75","is disabled if no filters are active","AssetGroupEdit","Thu Jun 04 03:33:00 UTC 2026","passed","Thu Jun 04 03:33:00 UTC 2026","","Clear Filters button","",""
"","0","A type and keyword were provided but there were no results available","Getting the text for the disabled item display for a search when there are no results","Thu Jun 04 03:34:30 UTC 2026","passed","Thu Jun 04 03:34:30 UTC 2026","","Empty data states","",""
"","1","should ignore case when filtering","compareTerm","Thu Jun 04 03:35:07 UTC 2026","passed","Thu Jun 04 03:35:07 UTC 2026","","","",""
"Test cases for TestResources_GetAZEntityInformation","131","TestResources_GetAZEntityInformation","","Thu Jun 04 03:29:38 UTC 2026","passed","Thu Jun 04 03:29:39 UTC 2026","","Go Test","github.com/specterops/bloodhound/cmd/api/src/api/v2/TestResources_GetAZEntityInformation","TestResources_GetAZEntityInformation"
"","288","should render an SavedQueryPermissions component","SaveQueryDialog","Thu Jun 04 03:30:43 UTC 2026","passed","Thu Jun 04 03:30:44 UTC 2026","","","",""
"","913","should hide Environmental Targeted Access Control panel when showEnvironmentAccessControls prop is true and admin role is selected","UpdateUserForm","Thu Jun 04 03:30:53 UTC 2026","passed","Thu Jun 04 03:30:54 UTC 2026","","","",""
"","0","returns disabled config when any required param is falsey","useExploreGraph","Thu Jun 04 03:32:07 UTC 2026","passed","Thu Jun 04 03:32:07 UTC 2026","composition search queries","exploreGraphQueryFactory","",""
"","576","should display Environmental Targeted Access Control panel when showEnvironmentAccessControls prop is true and read-only role is selected","CreateUserForm","Thu Jun 04 03:31:19 UTC 2026","passed","Thu Jun 04 03:31:19 UTC 2026","","","",""
"Test cases for TestResources_UpdateSavedQuery_OwnPrivateQuery_Success","0","TestResources_UpdateSavedQuery_OwnPrivateQuery_Success","","Thu Jun 04 03:29:39 UTC 2026","passed","Thu Jun 04 03:29:39 UTC 2026","","Go Test","github.com/specterops/bloodhound/cmd/api/src/api/v2/TestResources_UpdateSavedQuery_OwnPrivateQuery_Success","TestResources_UpdateSavedQuery_OwnPrivateQuery_Success"
"","8","should render when search string matches text entirely","HighlightedText","Thu Jun 04 03:35:25 UTC 2026","passed","Thu Jun 04 03:35:25 UTC 2026","","","",""
"","240","renders a preview version","PrivilegeZonesCypherEditor Search component for Zone Management","Thu Jun 04 03:35:03 UTC 2026","passed","Thu Jun 04 03:35:03 UTC 2026","","","",""
"","558","toggles parent from all to none","GraphDataCheckboxes","Thu Jun 04 03:32:08 UTC 2026","passed","Thu Jun 04 03:32:09 UTC 2026","","","",""
"Test cases for TestResources_ListADIssuancePolicyLinkedCertTemplates","218","TestResources_ListADIssuancePolicyLinkedCertTemplates","","Thu Jun 04 03:29:38 UTC 2026","passed","Thu Jun 04 03:29:39 UTC 2026","","Go Test","github.com/specterops/bloodhound/cmd/api/src/api/v2/TestResources_ListADIssuancePolicyLinkedCertTemplates","TestResources_ListADIssuancePolicyLinkedCertTemplates"
"","1","succeeds for valid password with unicode characters","testPassword","Thu Jun 04 03:36:11 UTC 2026","passed","Thu Jun 04 03:36:11 UTC 2026","","","",""
"","254","validates that the name input is under the max length","Tag Form","Thu Jun 04 03:30:42 UTC 2026","passed","Thu Jun 04 03:30:42 UTC 2026","","","",""
"","4","Default label and sizing are used when graph of origin does not specify","copySigmaNodesToGraphlibGraph","Thu Jun 04 03:37:09 UTC 2026","passed","Thu Jun 04 03:37:09 UTC 2026","","","",""
"","2","should include a tag with only the matching operations when the path matches","opsFilter","Thu Jun 04 03:35:07 UTC 2026","passed","Thu Jun 04 03:35:07 UTC 2026","","","",""
"Test cases for TestWriteAndValidateJSON","3","TestWriteAndValidateJSON","","Thu Jun 04 03:29:48 UTC 2026","passed","Thu Jun 04 03:29:48 UTC 2026","","Go Test","github.com/specterops/bloodhound/cmd/api/src/services/upload/TestWriteAndValidateJSON","TestWriteAndValidateJSON"
"","22","displays CaretUp icon when the sortOrder is asc","ColumnHeaders","Thu Jun 04 03:33:54 UTC 2026","passed","Thu Jun 04 03:33:54 UTC 2026","","SortableHeader","",""
"Test cases for TestResources_GetIssuancePolicyEntityInfo","296","TestResources_GetIssuancePolicyEntityInfo","","Thu Jun 04 03:29:38 UTC 2026","passed","Thu Jun 04 03:29:39 UTC 2026","","Go Test","github.com/specterops/bloodhound/cmd/api/src/api/v2/TestResources_GetIssuancePolicyEntityInfo","TestResources_GetIssuancePolicyEntityInfo"
"Test cases for TestParseUserIP_RemoteAddrOnly","0","TestParseUserIP_RemoteAddrOnly","","Thu Jun 04 03:29:32 UTC 2026","passed","Thu Jun 04 03:29:32 UTC 2026","","Go Test","github.com/specterops/bloodhound/cmd/api/src/api/middleware/TestParseUserIP_RemoteAddrOnly","TestParseUserIP_RemoteAddrOnly"
"","1","should be case-insensitive when matching by path","opsFilter","Thu Jun 04 03:35:07 UTC 2026","passed","Thu Jun 04 03:35:07 UTC 2026","","","",""
"","29","does not render the tooltip icon when tooltipText prop is not passed","ColumnHeaders","Thu Jun 04 03:33:54 UTC 2026","passed","Thu Jun 04 03:33:54 UTC 2026","","SortableHeader with Tooltip","",""
"","315","sets the calendar date to match the valid","ManagedDatePicker - value","Thu Jun 04 03:33:53 UTC 2026","passed","Thu Jun 04 03:33:54 UTC 2026","","","",""
"Test cases for TestResources_GetGroupEntityInfo","0","TestResources_GetGroupEntityInfo","","Thu Jun 04 03:29:38 UTC 2026","passed","Thu Jun 04 03:29:38 UTC 2026","","Go Test","github.com/specterops/bloodhound/cmd/api/src/api/v2/TestResources_GetGroupEntityInfo","TestResources_GetGroupEntityInfo"
"","460","sets exploreSearchTab param to pathfinding when the user clicks the `pathfinding` tab","ExploreSearch sets searchType on tab changing","Thu Jun 04 03:36:48 UTC 2026","passed","Thu Jun 04 03:36:48 UTC 2026","","","",""
"","85","should display the ""Authentication"" header","UserProfile","Thu Jun 04 03:33:12 UTC 2026","passed","Thu Jun 04 03:33:12 UTC 2026","","","",""
"","107","should render a button with the passed in display text","GraphButton","Thu Jun 04 03:36:15 UTC 2026","passed","Thu Jun 04 03:36:15 UTC 2026","","","",""
"","140","does not show View in Explore if in object rule type","Seed Selection Results","Thu Jun 04 03:32:39 UTC 2026","passed","Thu Jun 04 03:32:39 UTC 2026","","","",""
"Test cases for TestManagementResource_ListRoles","1","TestManagementResource_ListRoles","","Thu Jun 04 03:29:45 UTC 2026","passed","Thu Jun 04 03:29:45 UTC 2026","","Go Test","github.com/specterops/bloodhound/cmd/api/src/api/v2/auth/TestManagementResource_ListRoles","TestManagementResource_ListRoles"
"","18","displays CaretDown icon when the sortOrder is desc","ColumnHeaders","Thu Jun 04 03:33:54 UTC 2026","passed","Thu Jun 04 03:33:54 UTC 2026","","SortableHeader","",""
"","42","upon selecting a source and destination node, updates the URL with a searchType of 'pathfinding' and the object ids for the source and destination nodes","usePathfindingSearch","Thu Jun 04 03:33:38 UTC 2026","passed","Thu Jun 04 03:33:38 UTC 2026","","","",""
"","711","dark mode should persist between logging in and out","redux store","Thu Jun 04 03:37:15 UTC 2026","passed","Thu Jun 04 03:37:16 UTC 2026","","","",""
"Test cases for TestResources_DeleteSavedQuery_IDMalformed","0","TestResources_DeleteSavedQuery_IDMalformed","","Thu Jun 04 03:29:39 UTC 2026","passed","Thu Jun 04 03:29:39 UTC 2026","","Go Test","github.com/specterops/bloodhound/cmd/api/src/api/v2/TestResources_DeleteSavedQuery_IDMalformed","TestResources_DeleteSavedQuery_IDMalformed"
"","100","prevents a user from proceeding if the file is not valid","File Upload","Thu Jun 04 03:33:34 UTC 2026","passed","Thu Jun 04 03:33:34 UTC 2026","","","",""
"","0","handles empty search string","filterAndSearchEnvironments","Thu Jun 04 03:31:05 UTC 2026","passed","Thu Jun 04 03:31:05 UTC 2026","","search filter","",""
"","957","Download button opens a menu and selecting ""All Columns"" calls json2csv with all columns","ExploreTable","Thu Jun 04 03:30:42 UTC 2026","passed","Thu Jun 04 03:30:43 UTC 2026","","","",""
"Test cases for TestIntValueOrZero","0","TestIntValueOrZero","","Thu Jun 04 03:29:42 UTC 2026","passed","Thu Jun 04 03:29:42 UTC 2026","","Go Test","github.com/specterops/bloodhound/cmd/api/src/database/types/null/TestIntValueOrZero","TestIntValueOrZero"
"","273","Selecting an edge that meets ACL inheritance criteria shows the ""ACE Inherited From"" dropdown","EdgeInfoContent","Thu Jun 04 03:31:11 UTC 2026","passed","Thu Jun 04 03:31:12 UTC 2026","","","",""
"Test cases for TestResources_CreateSavedQuery_CreateFailure","1","TestResources_CreateSavedQuery_CreateFailure","","Thu Jun 04 03:29:39 UTC 2026","passed","Thu Jun 04 03:29:39 UTC 2026","","Go Test","github.com/specterops/bloodhound/cmd/api/src/api/v2/TestResources_CreateSavedQuery_CreateFailure","TestResources_CreateSavedQuery_CreateFailure"
"Test cases for TestNormalizeToUTF8","0","TestNormalizeToUTF8","","Thu Jun 04 03:29:55 UTC 2026","passed","Thu Jun 04 03:29:55 UTC 2026","","Go Test","github.com/specterops/bloodhound/packages/go/bomenc/TestNormalizeToUTF8","TestNormalizeToUTF8"
"","18","sets autoDisplayTable to false if query type is composition","useExploreTableAutoDisplay","Thu Jun 04 03:35:02 UTC 2026","passed","Thu Jun 04 03:35:02 UTC 2026","","","",""
"","456","toggles sort order when clicking sortable header","ObjectsAccordion","Thu Jun 04 03:35:12 UTC 2026","passed","Thu Jun 04 03:35:12 UTC 2026","","","",""
"","48","shows the direct object empty and expanded object list empty, when no results in both","Seed Selection Results","Thu Jun 04 03:32:39 UTC 2026","passed","Thu Jun 04 03:32:39 UTC 2026","","","",""
"Test cases for TestManagementResource_DeleteUser_GetUserError","0","TestManagementResource_DeleteUser_GetUserError","","Thu Jun 04 03:30:01 UTC 2026","passed","Thu Jun 04 03:30:01 UTC 2026","","Go Test","github.com/specterops/bloodhound/cmd/api/src/api/v2/auth/TestManagementResource_DeleteUser_GetUserError","TestManagementResource_DeleteUser_GetUserError"
"","1646","handles delete by nested graph data selection","DatabaseManagement","Thu Jun 04 03:36:47 UTC 2026","passed","Thu Jun 04 03:36:49 UTC 2026","","","",""
"","4075","categories default to expanded","Pathfinding","Thu Jun 04 03:31:24 UTC 2026","passed","Thu Jun 04 03:31:29 UTC 2026","","","",""
"","271","closes","ListItemActionMenu","Thu Jun 04 03:34:37 UTC 2026","passed","Thu Jun 04 03:34:37 UTC 2026","","","",""
"","3","determines glyphs with the tier_managent_engine feature flag disabled","getNodeGlyphs","Thu Jun 04 03:37:00 UTC 2026","passed","Thu Jun 04 03:37:00 UTC 2026","","","",""
"","113","displays pinned columns and unselected columns in the dropdown","ManageColumnsComboBox","Thu Jun 04 03:32:48 UTC 2026","passed","Thu Jun 04 03:32:49 UTC 2026","","","",""
"","36","generates a human-friendly default filename for graph exports","exportGraphData","Thu Jun 04 03:35:32 UTC 2026","passed","Thu Jun 04 03:35:32 UTC 2026","","","",""
"Test cases for TestResources_GetAssetGroupTagHistory","9","TestResources_GetAssetGroupTagHistory","","Thu Jun 04 03:29:38 UTC 2026","passed","Thu Jun 04 03:29:38 UTC 2026","","Go Test","github.com/specterops/bloodhound/cmd/api/src/api/v2/TestResources_GetAssetGroupTagHistory","TestResources_GetAssetGroupTagHistory"
"Test cases for TestParseOptionalBool","0","TestParseOptionalBool","","Thu Jun 04 03:29:27 UTC 2026","passed","Thu Jun 04 03:29:27 UTC 2026","","Go Test","github.com/specterops/bloodhound/cmd/api/src/api/TestParseOptionalBool","TestParseOptionalBool"
"","170","should call onCancel when return to login button clicked","OneTimePasscodeForm","Thu Jun 04 03:35:21 UTC 2026","passed","Thu Jun 04 03:35:21 UTC 2026","","","",""
"","350","should not call onSubmit when input is invalid and Submit button is clicked","UpsertSAMLProviderForm","Thu Jun 04 03:34:57 UTC 2026","passed","Thu Jun 04 03:34:57 UTC 2026","","","",""
"","135","disables the Columns button when the disabled prop is true","ManageColumnsComboBox","Thu Jun 04 03:32:46 UTC 2026","passed","Thu Jun 04 03:32:46 UTC 2026","","","",""
"Test cases for TestTimeEqual","0","TestTimeEqual","","Thu Jun 04 03:29:42 UTC 2026","passed","Thu Jun 04 03:29:42 UTC 2026","","Go Test","github.com/specterops/bloodhound/cmd/api/src/database/types/null/TestTimeEqual","TestTimeEqual"
"","486","toggles a nested graph data option off","GraphDataCheckboxes","Thu Jun 04 03:32:11 UTC 2026","passed","Thu Jun 04 03:32:11 UTC 2026","","","",""
"","204","renders","EarlyAccessFeatureToggle","Thu Jun 04 03:37:15 UTC 2026","passed","Thu Jun 04 03:37:15 UTC 2026","","","",""
"","258","disables GraphButton when isCurrentSearchOpen is true","GraphControls","Thu Jun 04 03:31:02 UTC 2026","passed","Thu Jun 04 03:31:03 UTC 2026","","Searching current results","",""
"Test cases for TestManagementResource_UpdateUser_IDMalformed","1329","TestManagementResource_UpdateUser_IDMalformed","","Thu Jun 04 03:29:52 UTC 2026","passed","Thu Jun 04 03:29:54 UTC 2026","","Go Test","github.com/specterops/bloodhound/cmd/api/src/api/v2/auth/TestManagementResource_UpdateUser_IDMalformed","TestManagementResource_UpdateUser_IDMalformed"
"","48","Calls the cypher search endpoint for a node that is hidden from user with not all environments access","EntityObjectInformation","Thu Jun 04 03:33:50 UTC 2026","passed","Thu Jun 04 03:33:50 UTC 2026","","","",""
"Test cases for TestIntFrom","0","TestIntFrom","","Thu Jun 04 03:29:42 UTC 2026","passed","Thu Jun 04 03:29:42 UTC 2026","","Go Test","github.com/specterops/bloodhound/cmd/api/src/database/types/null/TestIntFrom","TestIntFrom"
"Test cases for TestDisenrollMFA_Admin_FailureIncorrectPassword","2011","TestDisenrollMFA_Admin_FailureIncorrectPassword","","Thu Jun 04 03:30:10 UTC 2026","passed","Thu Jun 04 03:30:12 UTC 2026","","Go Test","github.com/specterops/bloodhound/cmd/api/src/api/v2/auth/TestDisenrollMFA_Admin_FailureIncorrectPassword","TestDisenrollMFA_Admin_FailureIncorrectPassword"
"","425","should render saml info provider","SSOProviderTable","Thu Jun 04 03:34:36 UTC 2026","passed","Thu Jun 04 03:34:37 UTC 2026","","","",""
"Test cases for TestManagementResource_SAMLLoginHandler","13","TestManagementResource_SAMLLoginHandler","","Thu Jun 04 03:30:14 UTC 2026","passed","Thu Jun 04 03:30:14 UTC 2026","","Go Test","github.com/specterops/bloodhound/cmd/api/src/api/v2/auth/TestManagementResource_SAMLLoginHandler","TestManagementResource_SAMLLoginHandler"
"Test cases for TestOverwriteQueryParamIfHeaderAndParamExist","0","TestOverwriteQueryParamIfHeaderAndParamExist","","Thu Jun 04 03:29:51 UTC 2026","passed","Thu Jun 04 03:29:51 UTC 2026","","Go Test","github.com/specterops/bloodhound/cmd/api/src/utils/test/TestOverwriteQueryParamIfHeaderAndParamExist","TestOverwriteQueryParamIfHeaderAndParamExist"
"Test cases for TestManagementResource_DeleteUser_UserCannotSelfDelete","668","TestManagementResource_DeleteUser_UserCannotSelfDelete","","Thu Jun 04 03:30:01 UTC 2026","passed","Thu Jun 04 03:30:01 UTC 2026","","Go Test","github.com/specterops/bloodhound/cmd/api/src/api/v2/auth/TestManagementResource_DeleteUser_UserCannotSelfDelete","TestManagementResource_DeleteUser_UserCannotSelfDelete"
"Test cases for TestJSONFloat_MarshalJSON_NaN","0","TestJSONFloat_MarshalJSON_NaN","","Thu Jun 04 03:29:42 UTC 2026","passed","Thu Jun 04 03:29:42 UTC 2026","","Go Test","github.com/specterops/bloodhound/cmd/api/src/database/types/nan/TestJSONFloat_MarshalJSON_NaN","TestJSONFloat_MarshalJSON_NaN"
"Test cases for TestResources_ListExtensions","105","TestResources_ListExtensions","","Thu Jun 04 03:29:39 UTC 2026","passed","Thu Jun 04 03:29:39 UTC 2026","","Go Test","github.com/specterops/bloodhound/cmd/api/src/api/v2/TestResources_ListExtensions","TestResources_ListExtensions"
"","133","should render all of the options as checkboxes","Checkbox group","Thu Jun 04 03:35:55 UTC 2026","passed","Thu Jun 04 03:35:55 UTC 2026","","","",""
"Test cases for TestUnmarshalInt64Overflow","0","TestUnmarshalInt64Overflow","","Thu Jun 04 03:29:42 UTC 2026","passed","Thu Jun 04 03:29:42 UTC 2026","","Go Test","github.com/specterops/bloodhound/cmd/api/src/database/types/null/TestUnmarshalInt64Overflow","TestUnmarshalInt64Overflow"
"Test cases for TestResources_GetSavedQuery","39","TestResources_GetSavedQuery","","Thu Jun 04 03:29:39 UTC 2026","passed","Thu Jun 04 03:29:39 UTC 2026","","Go Test","github.com/specterops/bloodhound/cmd/api/src/api/v2/TestResources_GetSavedQuery","TestResources_GetSavedQuery"
"","0","returns disabled config when any required param is falsey","useExploreGraph","Thu Jun 04 03:32:07 UTC 2026","passed","Thu Jun 04 03:32:07 UTC 2026","relationship search queries","exploreGraphQueryFactory","",""
"Test cases for TestSavedQueries_ValidFilters","0","TestSavedQueries_ValidFilters","","Thu Jun 04 03:29:43 UTC 2026","passed","Thu Jun 04 03:29:43 UTC 2026","","Go Test","github.com/specterops/bloodhound/cmd/api/src/model/TestSavedQueries_ValidFilters","TestSavedQueries_ValidFilters"
"Test cases for TestBoolFrom","0","TestBoolFrom","","Thu Jun 04 03:29:42 UTC 2026","passed","Thu Jun 04 03:29:42 UTC 2026","","Go Test","github.com/specterops/bloodhound/cmd/api/src/database/types/null/TestBoolFrom","TestBoolFrom"
"","15","renders nothing if flag is enabled and enabled prop is not provided","FeatureFlag","Thu Jun 04 03:35:06 UTC 2026","passed","Thu Jun 04 03:35:06 UTC 2026","","","",""
"","2","removes the key when null is passed to the setter","useLocalStorage","Thu Jun 04 03:33:18 UTC 2026","passed","Thu Jun 04 03:33:18 UTC 2026","","setValue","",""
"","823","should call onSave when Save button is clicked and form input is valid","UpdateUserDialog","Thu Jun 04 03:31:59 UTC 2026","passed","Thu Jun 04 03:31:59 UTC 2026","","","",""
"Test cases for TestParseVersion","0","TestParseVersion","","Thu Jun 04 03:29:52 UTC 2026","passed","Thu Jun 04 03:29:52 UTC 2026","","Go Test","github.com/specterops/bloodhound/cmd/api/src/version/TestParseVersion","TestParseVersion"
"","26","does not show tooltip text by default","ColumnHeaders","Thu Jun 04 03:33:54 UTC 2026","passed","Thu Jun 04 03:33:54 UTC 2026","","SortableHeader with Tooltip","",""
"Test cases for TestResources_ListAuditLogs_InvalidColumn","0","TestResources_ListAuditLogs_InvalidColumn","","Thu Jun 04 03:29:38 UTC 2026","passed","Thu Jun 04 03:29:38 UTC 2026","","Go Test","github.com/specterops/bloodhound/cmd/api/src/api/v2/TestResources_ListAuditLogs_InvalidColumn","TestResources_ListAuditLogs_InvalidColumn"
"","2","returns undefined for headers when db config timeout limit setting is disabled and state of is disable query limit is false","useExploreGraph","Thu Jun 04 03:32:07 UTC 2026","passed","Thu Jun 04 03:32:07 UTC 2026","userSettings","exploreGraphQueryFactory","",""
"","0","handles an empty string","escapeCypherString","Thu Jun 04 03:36:05 UTC 2026","passed","Thu Jun 04 03:36:05 UTC 2026","","","",""
"Test cases for TestParseClientVersion","0","TestParseClientVersion","","Thu Jun 04 03:29:50 UTC 2026","passed","Thu Jun 04 03:29:50 UTC 2026","","Go Test","github.com/specterops/bloodhound/cmd/api/src/utils/TestParseClientVersion","TestParseClientVersion"
"Test cases for TestUnifiedGraph_AddPathSet","1","TestUnifiedGraph_AddPathSet","","Thu Jun 04 03:29:43 UTC 2026","passed","Thu Jun 04 03:29:43 UTC 2026","","Go Test","github.com/specterops/bloodhound/cmd/api/src/model/TestUnifiedGraph_AddPathSet","TestUnifiedGraph_AddPathSet"
"Test cases for TestConvertOUToNode_InheritanceHashes","0","TestConvertOUToNode_InheritanceHashes","","Thu Jun 04 03:29:56 UTC 2026","passed","Thu Jun 04 03:29:56 UTC 2026","","Go Test","github.com/specterops/bloodhound/packages/go/ein/TestConvertOUToNode_InheritanceHashes","TestConvertOUToNode_InheritanceHashes"
"Test cases for TestParseOptionalBoolEmptyValue","0","TestParseOptionalBoolEmptyValue","","Thu Jun 04 03:29:27 UTC 2026","passed","Thu Jun 04 03:29:27 UTC 2026","","Go Test","github.com/specterops/bloodhound/cmd/api/src/api/TestParseOptionalBoolEmptyValue","TestParseOptionalBoolEmptyValue"
"Test cases for TestSignRequestSuccess","0","TestSignRequestSuccess","","Thu Jun 04 03:29:28 UTC 2026","passed","Thu Jun 04 03:29:28 UTC 2026","","Go Test","github.com/specterops/bloodhound/cmd/api/src/api/TestSignRequestSuccess","TestSignRequestSuccess"
"","990","shows tooltip text on hover","ColumnHeaders","Thu Jun 04 03:33:54 UTC 2026","passed","Thu Jun 04 03:33:55 UTC 2026","","SortableHeader with Tooltip","",""
"","0","uses the correct entity name in the Object ID message","getErrorMessage","Thu Jun 04 03:32:20 UTC 2026","passed","Thu Jun 04 03:32:20 UTC 2026","","","",""
"","501","should close the dialog when the Cancel button is clicked","Privilege Zones History Filter Dialog","Thu Jun 04 03:33:29 UTC 2026","passed","Thu Jun 04 03:33:29 UTC 2026","","","",""
"Test cases for TestCache_FillFifo","0","TestCache_FillFifo","","Thu Jun 04 03:29:55 UTC 2026","passed","Thu Jun 04 03:29:55 UTC 2026","","Go Test","github.com/specterops/bloodhound/packages/go/cache/TestCache_FillFifo","TestCache_FillFifo"
"","0","excludes non-collected environments when risk filter is active","filterAndSearchEnvironments","Thu Jun 04 03:31:05 UTC 2026","passed","Thu Jun 04 03:31:05 UTC 2026","","risk filters","",""
"Test cases for Test_filterAndFormatSearchResults_filterEnvironmentsOG","0","Test_filterAndFormatSearchResults_filterEnvironmentsOG","","Thu Jun 04 03:29:38 UTC 2026","passed","Thu Jun 04 03:29:38 UTC 2026","","Go Test","github.com/specterops/bloodhound/cmd/api/src/api/v2/Test_filterAndFormatSearchResults_filterEnvironmentsOG","Test_filterAndFormatSearchResults_filterEnvironmentsOG"
"Test cases for TestSIDSuffix_PrependPrefix","0","TestSIDSuffix_PrependPrefix","","Thu Jun 04 03:29:55 UTC 2026","passed","Thu Jun 04 03:29:55 UTC 2026","","Go Test","github.com/specterops/bloodhound/packages/go/analysis/ad/wellknown/TestSIDSuffix_PrependPrefix","TestSIDSuffix_PrependPrefix"
"Test cases for TestArgon2_ParseDigest","0","TestArgon2_ParseDigest","","Thu Jun 04 03:29:56 UTC 2026","passed","Thu Jun 04 03:29:56 UTC 2026","","Go Test","github.com/specterops/bloodhound/packages/go/crypto/TestArgon2_ParseDigest","TestArgon2_ParseDigest"
"","22","upon performing a search, updates the url params with the base64-encoded current query and sets searchType to 'cypher'","useCypherSearch","Thu Jun 04 03:35:44 UTC 2026","passed","Thu Jun 04 03:35:44 UTC 2026","","","",""
"Test cases for TestResources_ListADOUContainedUsers","6","TestResources_ListADOUContainedUsers","","Thu Jun 04 03:29:38 UTC 2026","passed","Thu Jun 04 03:29:38 UTC 2026","","Go Test","github.com/specterops/bloodhound/cmd/api/src/api/v2/TestResources_ListADOUContainedUsers","TestResources_ListADOUContainedUsers"
"","110","renders details for a selected rule and is of type ""Cypher""","DynamicDetails","Thu Jun 04 03:33:16 UTC 2026","passed","Thu Jun 04 03:33:16 UTC 2026","","","",""
"","0","handles specific Active Directory properties differently than Azure derived properties","Formatting number properties","Thu Jun 04 03:32:53 UTC 2026","passed","Thu Jun 04 03:32:53 UTC 2026","","","",""
"Test cases for TestResources_StartIngestJob","133","TestResources_StartIngestJob","","Thu Jun 04 03:29:39 UTC 2026","passed","Thu Jun 04 03:29:39 UTC 2026","","Go Test","github.com/specterops/bloodhound/cmd/api/src/api/v2/TestResources_StartIngestJob","TestResources_StartIngestJob"
"","234","calls exportToJson util when valid non a empty object is passed as the jsonData prop","GraphControls","Thu Jun 04 03:31:02 UTC 2026","passed","Thu Jun 04 03:31:02 UTC 2026","","Exporting json","",""
"Test cases for TestRandomDurationBetween","19","TestRandomDurationBetween","","Thu Jun 04 03:29:40 UTC 2026","passed","Thu Jun 04 03:29:40 UTC 2026","","Go Test","github.com/specterops/bloodhound/cmd/api/src/daemons/datapipe/TestRandomDurationBetween","TestRandomDurationBetween"
"Test cases for TestResources_ListAssetGroupMembers","8","TestResources_ListAssetGroupMembers","","Thu Jun 04 03:29:38 UTC 2026","passed","Thu Jun 04 03:29:38 UTC 2026","","Go Test","github.com/specterops/bloodhound/cmd/api/src/api/v2/TestResources_ListAssetGroupMembers","TestResources_ListAssetGroupMembers"
"Test cases for TestManagementResource_ListUsers_Filtered","0","TestManagementResource_ListUsers_Filtered","","Thu Jun 04 03:29:45 UTC 2026","passed","Thu Jun 04 03:29:45 UTC 2026","","Go Test","github.com/specterops/bloodhound/cmd/api/src/api/v2/auth/TestManagementResource_ListUsers_Filtered","TestManagementResource_ListUsers_Filtered"
"Test cases for TestGC_Start","1000","TestGC_Start","","Thu Jun 04 03:29:40 UTC 2026","passed","Thu Jun 04 03:29:41 UTC 2026","","Go Test","github.com/specterops/bloodhound/cmd/api/src/daemons/gc/TestGC_Start","TestGC_Start"
"","20","does not request finished jobs if lacking permission","useFinishedJobs","Thu Jun 04 03:33:29 UTC 2026","passed","Thu Jun 04 03:33:29 UTC 2026","","","",""
"","2245","resets skip to 0 when rows per page changes so rows are visible on the new page size","FileIngestTable","Thu Jun 04 03:31:50 UTC 2026","passed","Thu Jun 04 03:31:53 UTC 2026","","pagination reset","",""
"","93","temporarily displays the checkmark icon after clicking copy","ExploreTableDataCell","Thu Jun 04 03:35:29 UTC 2026","passed","Thu Jun 04 03:35:29 UTC 2026","","","",""
"","1","returns the node_keys from the graphData with duplicate keys removed and known keys added","getExploreTableData","Thu Jun 04 03:34:01 UTC 2026","passed","Thu Jun 04 03:34:01 UTC 2026","","","",""
"","195","disables checkboxes while loading","GraphDataCheckboxes","Thu Jun 04 03:32:07 UTC 2026","passed","Thu Jun 04 03:32:07 UTC 2026","","","",""
"","1","fails for password without lowercase letters","testPassword","Thu Jun 04 03:36:11 UTC 2026","passed","Thu Jun 04 03:36:11 UTC 2026","","","",""
"Test cases for TestResources_ListADGroupMembers","0","TestResources_ListADGroupMembers","","Thu Jun 04 03:29:38 UTC 2026","passed","Thu Jun 04 03:29:38 UTC 2026","","Go Test","github.com/specterops/bloodhound/cmd/api/src/api/v2/TestResources_ListADGroupMembers","TestResources_ListADGroupMembers"
"","1","calculates skip correctly for pageParam > 1","createHistoryParams","Thu Jun 04 03:35:14 UTC 2026","passed","Thu Jun 04 03:35:14 UTC 2026","","","",""
"","511","changes the text from ""Disabled"" to ""Enabled"" when the Rule Status switch is toggled","Rule Form","Thu Jun 04 03:31:01 UTC 2026","passed","Thu Jun 04 03:31:02 UTC 2026","","","",""
"Test cases for TestResources_SearchAssetGroupTags","0","TestResources_SearchAssetGroupTags","","Thu Jun 04 03:29:38 UTC 2026","passed","Thu Jun 04 03:29:38 UTC 2026","","Go Test","github.com/specterops/bloodhound/cmd/api/src/api/v2/TestResources_SearchAssetGroupTags","TestResources_SearchAssetGroupTags"
"Test cases for TestResources_GetAZRelatedEntities","138","TestResources_GetAZRelatedEntities","","Thu Jun 04 03:29:38 UTC 2026","passed","Thu Jun 04 03:29:39 UTC 2026","","Go Test","github.com/specterops/bloodhound/cmd/api/src/api/v2/TestResources_GetAZRelatedEntities","TestResources_GetAZRelatedEntities"
"","170","renders the form for creating a new label","Tag Form","Thu Jun 04 03:30:41 UTC 2026","passed","Thu Jun 04 03:30:41 UTC 2026","","","",""
"","1065","does not show a warning for using labels associated with tags in label forms (also shows correct View in Explore link)","Rule Form","Thu Jun 04 03:31:07 UTC 2026","passed","Thu Jun 04 03:31:08 UTC 2026","","","",""
"Test cases for TestResources_GetAIACAEntityInfo","284","TestResources_GetAIACAEntityInfo","","Thu Jun 04 03:29:38 UTC 2026","passed","Thu Jun 04 03:29:39 UTC 2026","","Go Test","github.com/specterops/bloodhound/cmd/api/src/api/v2/TestResources_GetAIACAEntityInfo","TestResources_GetAIACAEntityInfo"
"Test cases for TestCreateUser_ETAC","3841","TestCreateUser_ETAC","","Thu Jun 04 03:29:47 UTC 2026","passed","Thu Jun 04 03:29:51 UTC 2026","","Go Test","github.com/specterops/bloodhound/cmd/api/src/api/v2/auth/TestCreateUser_ETAC","TestCreateUser_ETAC"
"Test cases for TestManagementResource_ListUsers_DBError","0","TestManagementResource_ListUsers_DBError","","Thu Jun 04 03:29:45 UTC 2026","passed","Thu Jun 04 03:29:45 UTC 2026","","Go Test","github.com/specterops/bloodhound/cmd/api/src/api/v2/auth/TestManagementResource_ListUsers_DBError","TestManagementResource_ListUsers_DBError"
"Test cases for TestTrackerBuilder_Build_SortsKeysAndIDs","0","TestTrackerBuilder_Build_SortsKeysAndIDs","","Thu Jun 04 03:29:55 UTC 2026","passed","Thu Jun 04 03:29:55 UTC 2026","","Go Test","github.com/specterops/bloodhound/packages/go/analysis/post/TestTrackerBuilder_Build_SortsKeysAndIDs","TestTrackerBuilder_Build_SortsKeysAndIDs"
"Test cases for TestUnmarshalTimeJSON","0","TestUnmarshalTimeJSON","","Thu Jun 04 03:29:42 UTC 2026","passed","Thu Jun 04 03:29:42 UTC 2026","","Go Test","github.com/specterops/bloodhound/cmd/api/src/database/types/null/TestUnmarshalTimeJSON","TestUnmarshalTimeJSON"
"","687","handles creating a new rule","Rule Form","Thu Jun 04 03:31:05 UTC 2026","passed","Thu Jun 04 03:31:06 UTC 2026","","","",""
"Test cases for TestDomainSelectors_GetValidFilterPredicatesAsStrings","0","TestDomainSelectors_GetValidFilterPredicatesAsStrings","","Thu Jun 04 03:29:43 UTC 2026","passed","Thu Jun 04 03:29:43 UTC 2026","","Go Test","github.com/specterops/bloodhound/cmd/api/src/model/TestDomainSelectors_GetValidFilterPredicatesAsStrings","TestDomainSelectors_GetValidFilterPredicatesAsStrings"
"","324","should display ""Close"" button","UserTokenManagementDialog","Thu Jun 04 03:32:36 UTC 2026","passed","Thu Jun 04 03:32:36 UTC 2026","","","",""
"Test cases for TestContextMiddlewareBypassDisabled","0","TestContextMiddlewareBypassDisabled","","Thu Jun 04 03:29:32 UTC 2026","passed","Thu Jun 04 03:29:32 UTC 2026","","Go Test","github.com/specterops/bloodhound/cmd/api/src/api/middleware/TestContextMiddlewareBypassDisabled","TestContextMiddlewareBypassDisabled"
"","282","calls handleError with ruleType when creating a rule fails","Rule Form","Thu Jun 04 03:31:09 UTC 2026","passed","Thu Jun 04 03:31:10 UTC 2026","","","",""
"","176","should should reflect the checked state for public query","SavedQueryPermissions","Thu Jun 04 03:34:28 UTC 2026","passed","Thu Jun 04 03:34:28 UTC 2026","","","",""
"","342","does fires TagToLabelDialog when the Label option is clicked","TagToZoneLabel","Thu Jun 04 03:30:52 UTC 2026","passed","Thu Jun 04 03:30:53 UTC 2026","","","",""
"Test cases for TestResources_GetAssetGroupTagMemberCountsByKind","0","TestResources_GetAssetGroupTagMemberCountsByKind","","Thu Jun 04 03:29:38 UTC 2026","passed","Thu Jun 04 03:29:38 UTC 2026","","Go Test","github.com/specterops/bloodhound/cmd/api/src/api/v2/TestResources_GetAssetGroupTagMemberCountsByKind","TestResources_GetAssetGroupTagMemberCountsByKind"
"","41","the queries in the list only include nodes and edges that are defined in our schema","common search list","Thu Jun 04 03:35:47 UTC 2026","passed","Thu Jun 04 03:35:47 UTC 2026","","","",""
"","648","should display Environmental Targeted Access Control panel when showEnvironmentAccessControls prop is true and user role is selected","UpdateUserForm","Thu Jun 04 03:30:51 UTC 2026","passed","Thu Jun 04 03:30:52 UTC 2026","","","",""
"Test cases for TestAssetGroupSelectorSpec_Validate","1","TestAssetGroupSelectorSpec_Validate","","Thu Jun 04 03:29:43 UTC 2026","passed","Thu Jun 04 03:29:43 UTC 2026","","Go Test","github.com/specterops/bloodhound/cmd/api/src/model/TestAssetGroupSelectorSpec_Validate","TestAssetGroupSelectorSpec_Validate"
"","76","renders a preview version by default","PrivilegeZonesCypherEditor Search component for Zone Management","Thu Jun 04 03:35:03 UTC 2026","passed","Thu Jun 04 03:35:03 UTC 2026","","","",""
"","170","should show a copy button if the cells text if the cell is not a boolean","ExploreTableDataCell","Thu Jun 04 03:35:29 UTC 2026","passed","Thu Jun 04 03:35:29 UTC 2026","","","",""
"Test cases for TestManagementResource_UpdateUser_DuplicateEmailError","0","TestManagementResource_UpdateUser_DuplicateEmailError","","Thu Jun 04 03:29:56 UTC 2026","passed","Thu Jun 04 03:29:56 UTC 2026","","Go Test","github.com/specterops/bloodhound/cmd/api/src/api/v2/auth/TestManagementResource_UpdateUser_DuplicateEmailError","TestManagementResource_UpdateUser_DuplicateEmailError"
"","181","renders a button for opening the dialog","SchemaUploadDialog","Thu Jun 04 03:32:16 UTC 2026","passed","Thu Jun 04 03:32:16 UTC 2026","","","",""
"Test cases for TestGetLimitParamForGraphQuery","0","TestGetLimitParamForGraphQuery","","Thu Jun 04 03:29:50 UTC 2026","passed","Thu Jun 04 03:29:50 UTC 2026","","Go Test","github.com/specterops/bloodhound/cmd/api/src/utils/TestGetLimitParamForGraphQuery","TestGetLimitParamForGraphQuery"
"","0","matches all AZ edges","Make sure pathfinding filterable edges match schemagen","Thu Jun 04 03:36:11 UTC 2026","passed","Thu Jun 04 03:36:11 UTC 2026","","","",""
"","851","Download button opens a menu and selecting ""Selected Columns"" calls json2csv with selected columns only","ExploreTable","Thu Jun 04 03:30:43 UTC 2026","passed","Thu Jun 04 03:30:43 UTC 2026","","","",""
"Test cases for TestManagementResource_ListSAMLProviders","5","TestManagementResource_ListSAMLProviders","","Thu Jun 04 03:30:14 UTC 2026","passed","Thu Jun 04 03:30:14 UTC 2026","","Go Test","github.com/specterops/bloodhound/cmd/api/src/api/v2/auth/TestManagementResource_ListSAMLProviders","TestManagementResource_ListSAMLProviders"
"","0","fails for password without special characters","testPassword","Thu Jun 04 03:36:11 UTC 2026","passed","Thu Jun 04 03:36:11 UTC 2026","","","",""
"","275","clicking an enabled header toggles content (single mode)","<DetailsAccordion />","Thu Jun 04 03:32:44 UTC 2026","passed","Thu Jun 04 03:32:45 UTC 2026","","","",""
"Test cases for TestJSONFloat_UnmarshalJSON","0","TestJSONFloat_UnmarshalJSON","","Thu Jun 04 03:29:42 UTC 2026","passed","Thu Jun 04 03:29:42 UTC 2026","","Go Test","github.com/specterops/bloodhound/cmd/api/src/database/types/nan/TestJSONFloat_UnmarshalJSON","TestJSONFloat_UnmarshalJSON"
"Test cases for TestQueries_BuildEntityQueryParams_MissingObjectID","0","TestQueries_BuildEntityQueryParams_MissingObjectID","","Thu Jun 04 03:29:44 UTC 2026","passed","Thu Jun 04 03:29:44 UTC 2026","","Go Test","github.com/specterops/bloodhound/cmd/api/src/queries/TestQueries_BuildEntityQueryParams_MissingObjectID","TestQueries_BuildEntityQueryParams_MissingObjectID"
"","237","shows ""Clear All"" when all columns are selected","ManageColumnsComboBox","Thu Jun 04 03:32:47 UTC 2026","passed","Thu Jun 04 03:32:47 UTC 2026","","","",""
"","73","displays the checkbox as checked if the filter params value is 'true'","AssetGroupEdit","Thu Jun 04 03:33:00 UTC 2026","passed","Thu Jun 04 03:33:00 UTC 2026","","Custom Member checkbox filter","",""
"","96","initializes search tab to node search if the exploreSearchTab is not a supported tab name on first render","ExploreSearch sets searchType on tab changing","Thu Jun 04 03:36:49 UTC 2026","passed","Thu Jun 04 03:36:49 UTC 2026","","","",""
"","103","should call onCancel when cancel button clicked","LoginViaSSOForm","Thu Jun 04 03:34:35 UTC 2026","passed","Thu Jun 04 03:34:35 UTC 2026","","","",""
"Test cases for TestManagementResource_GetUser","12997","TestManagementResource_GetUser","","Thu Jun 04 03:30:01 UTC 2026","passed","Thu Jun 04 03:30:14 UTC 2026","","Go Test","github.com/specterops/bloodhound/cmd/api/src/api/v2/auth/TestManagementResource_GetUser","TestManagementResource_GetUser"
"","80","indicates that filters are active","AssetGroupEdit","Thu Jun 04 03:32:58 UTC 2026","passed","Thu Jun 04 03:32:58 UTC 2026","","","",""
"","1","handles unix time values by converting them to our standard date display format","Formatting number properties","Thu Jun 04 03:32:53 UTC 2026","passed","Thu Jun 04 03:32:53 UTC 2026","","","",""
"","118","shows View in Explore if exploreUrl is supplied","Seed Selection Results","Thu Jun 04 03:32:39 UTC 2026","passed","Thu Jun 04 03:32:39 UTC 2026","","","",""
"Test cases for Test_ValidateGraph","30","Test_ValidateGraph","","Thu Jun 04 03:29:48 UTC 2026","passed","Thu Jun 04 03:29:48 UTC 2026","","Go Test","github.com/specterops/bloodhound/cmd/api/src/services/upload/Test_ValidateGraph","Test_ValidateGraph"
"","131","should not display a badge when role based filtering is true and show filter banner is false by default","EntityInfoPanel","Thu Jun 04 03:35:10 UTC 2026","passed","Thu Jun 04 03:35:11 UTC 2026","","","",""
"Test cases for TestManagementResource_ListAuthTokens_DBError","1","TestManagementResource_ListAuthTokens_DBError","","Thu Jun 04 03:30:05 UTC 2026","passed","Thu Jun 04 03:30:05 UTC 2026","","Go Test","github.com/specterops/bloodhound/cmd/api/src/api/v2/auth/TestManagementResource_ListAuthTokens_DBError","TestManagementResource_ListAuthTokens_DBError"
"Test cases for TestUnmarshalTimeText","0","TestUnmarshalTimeText","","Thu Jun 04 03:29:42 UTC 2026","passed","Thu Jun 04 03:29:42 UTC 2026","","Go Test","github.com/specterops/bloodhound/cmd/api/src/database/types/null/TestUnmarshalTimeText","TestUnmarshalTimeText"
"","1127","displays validation error messages when password does not meet requirements","PasswordDialog","Thu Jun 04 03:31:25 UTC 2026","passed","Thu Jun 04 03:31:26 UTC 2026","","","",""
"","52","renders highlight for the active tag","SelectedHighlight","Thu Jun 04 03:35:16 UTC 2026","passed","Thu Jun 04 03:35:16 UTC 2026","","","",""
"Test cases for TestTracker_HasEdge_NilVsEmptyProperties","0","TestTracker_HasEdge_NilVsEmptyProperties","","Thu Jun 04 03:29:55 UTC 2026","passed","Thu Jun 04 03:29:55 UTC 2026","","Go Test","github.com/specterops/bloodhound/packages/go/analysis/post/TestTracker_HasEdge_NilVsEmptyProperties","TestTracker_HasEdge_NilVsEmptyProperties"
"","58","hides loading state when data is available","GraphDataCheckboxes","Thu Jun 04 03:32:06 UTC 2026","passed","Thu Jun 04 03:32:06 UTC 2026","","","",""
"","3","should appropriately handle edges that contain underscores","getEdgeDataFromKey","Thu Jun 04 03:37:23 UTC 2026","passed","Thu Jun 04 03:37:23 UTC 2026","","","",""
"Test cases for TestCache_Reset","1","TestCache_Reset","","Thu Jun 04 03:29:55 UTC 2026","passed","Thu Jun 04 03:29:55 UTC 2026","","Go Test","github.com/specterops/bloodhound/packages/go/cache/TestCache_Reset","TestCache_Reset"
"Test cases for TestConvertContainerToNode_InheritanceHashes","0","TestConvertContainerToNode_InheritanceHashes","","Thu Jun 04 03:29:56 UTC 2026","passed","Thu Jun 04 03:29:56 UTC 2026","","Go Test","github.com/specterops/bloodhound/packages/go/ein/TestConvertContainerToNode_InheritanceHashes","TestConvertContainerToNode_InheritanceHashes"
"Test cases for TestStringFrom","0","TestStringFrom","","Thu Jun 04 03:29:42 UTC 2026","passed","Thu Jun 04 03:29:42 UTC 2026","","Go Test","github.com/specterops/bloodhound/cmd/api/src/database/types/null/TestStringFrom","TestStringFrom"
"Test cases for Test_HarnessSetup","0","Test_HarnessSetup","","Thu Jun 04 03:29:57 UTC 2026","passed","Thu Jun 04 03:29:57 UTC 2026","","Go Test","github.com/specterops/bloodhound/packages/go/lab/Test_HarnessSetup","Test_HarnessSetup"
"Test cases for TestManagementResource_SSOLoginHandler","4","TestManagementResource_SSOLoginHandler","","Thu Jun 04 03:30:14 UTC 2026","passed","Thu Jun 04 03:30:14 UTC 2026","","Go Test","github.com/specterops/bloodhound/cmd/api/src/api/v2/auth/TestManagementResource_SSOLoginHandler","TestManagementResource_SSOLoginHandler"
"Test cases for TestResources_CreateSavedQuery","1","TestResources_CreateSavedQuery","","Thu Jun 04 03:29:39 UTC 2026","passed","Thu Jun 04 03:29:39 UTC 2026","","Go Test","github.com/specterops/bloodhound/cmd/api/src/api/v2/TestResources_CreateSavedQuery","TestResources_CreateSavedQuery"
"Test cases for TestCopyMatchExpressionsSorted","0","TestCopyMatchExpressionsSorted","","Thu Jun 04 03:29:46 UTC 2026","passed","Thu Jun 04 03:29:46 UTC 2026","","Go Test","github.com/specterops/bloodhound/cmd/api/src/services/graphify/endpoint/TestCopyMatchExpressionsSorted","TestCopyMatchExpressionsSorted"
"Test cases for Test_ParseGraphSortParameters_Success","0","Test_ParseGraphSortParameters_Success","","Thu Jun 04 03:29:28 UTC 2026","passed","Thu Jun 04 03:29:28 UTC 2026","","Go Test","github.com/specterops/bloodhound/cmd/api/src/api/Test_ParseGraphSortParameters_Success","Test_ParseGraphSortParameters_Success"
"Test cases for TestFillAndPopulateDefaultAdminInfo","1","TestFillAndPopulateDefaultAdminInfo","","Thu Jun 04 03:29:39 UTC 2026","passed","Thu Jun 04 03:29:39 UTC 2026","","Go Test","github.com/specterops/bloodhound/cmd/api/src/bootstrap/TestFillAndPopulateDefaultAdminInfo","TestFillAndPopulateDefaultAdminInfo"
"","815","should call onSubmit with email address and password when login button clicked","LoginForm","Thu Jun 04 03:35:29 UTC 2026","passed","Thu Jun 04 03:35:30 UTC 2026","","","",""
"","215","should fire Cancel once with false","DeleteConfirmationDialog","Thu Jun 04 03:35:40 UTC 2026","passed","Thu Jun 04 03:35:40 UTC 2026","","","",""
"","118","does not highlight any layout option on first load when no layout has been manually selected","GraphControls","Thu Jun 04 03:31:01 UTC 2026","passed","Thu Jun 04 03:31:01 UTC 2026","","Selecting a layout","",""
"","139","renders correctly","NodeIcon","Thu Jun 04 03:35:30 UTC 2026","passed","Thu Jun 04 03:35:30 UTC 2026","","","",""
"","373","shows error notification when deletion fails","ActiveExtensionsCard","Thu Jun 04 03:31:16 UTC 2026","passed","Thu Jun 04 03:31:16 UTC 2026","","","",""
"Test cases for TestIngestJobs_ValidFilters","0","TestIngestJobs_ValidFilters","","Thu Jun 04 03:29:43 UTC 2026","passed","Thu Jun 04 03:29:43 UTC 2026","","Go Test","github.com/specterops/bloodhound/cmd/api/src/model/TestIngestJobs_ValidFilters","TestIngestJobs_ValidFilters"
"Test cases for TestCache_Set","0","TestCache_Set","","Thu Jun 04 03:29:55 UTC 2026","passed","Thu Jun 04 03:29:55 UTC 2026","","Go Test","github.com/specterops/bloodhound/packages/go/cache/TestCache_Set","TestCache_Set"
"","121","highlights the table option instead of selectedLayout when table is selected on a cypher query","GraphControls","Thu Jun 04 03:31:01 UTC 2026","passed","Thu Jun 04 03:31:02 UTC 2026","","Table view selection state","",""
"Test cases for TestResources_ListADComputerSQLAdmins","1","TestResources_ListADComputerSQLAdmins","","Thu Jun 04 03:29:38 UTC 2026","passed","Thu Jun 04 03:29:38 UTC 2026","","Go Test","github.com/specterops/bloodhound/cmd/api/src/api/v2/TestResources_ListADComputerSQLAdmins","TestResources_ListADComputerSQLAdmins"
"","675","should call onSubmit with initiation_url of selected SSO provider","LoginViaSSOForm","Thu Jun 04 03:34:34 UTC 2026","passed","Thu Jun 04 03:34:35 UTC 2026","","","",""
"","1","returns a comma separated number when provided with a number > 999","numberFormatting","Thu Jun 04 03:33:58 UTC 2026","passed","Thu Jun 04 03:33:58 UTC 2026","","","",""
"","17","should be aligned to right of screen","GenericErrorBoundaryFallback","Thu Jun 04 03:36:18 UTC 2026","passed","Thu Jun 04 03:36:18 UTC 2026","","","",""
"","1","filters by critical risk level","filterAndSearchEnvironments","Thu Jun 04 03:31:05 UTC 2026","passed","Thu Jun 04 03:31:05 UTC 2026","","risk filters","",""
"","201","renders the card with title and search input","ActiveExtensionsCard","Thu Jun 04 03:31:09 UTC 2026","passed","Thu Jun 04 03:31:09 UTC 2026","","","",""
"","22","sets autoDisplayTable to false if query type is pathfinding","useExploreTableAutoDisplay","Thu Jun 04 03:35:02 UTC 2026","passed","Thu Jun 04 03:35:02 UTC 2026","","","",""
"","0","An unknown error occurred when fetching the data","Getting the text for the disabled item display for a search when there are no results","Thu Jun 04 03:34:30 UTC 2026","passed","Thu Jun 04 03:34:30 UTC 2026","","Error states","",""
"","61","will request feature-flags when the user is fully authenticated","app","Thu Jun 04 03:37:14 UTC 2026","passed","Thu Jun 04 03:37:14 UTC 2026","","<Inner />","",""
"Test cases for TestGenerateTOTPSecret","1","TestGenerateTOTPSecret","","Thu Jun 04 03:29:39 UTC 2026","passed","Thu Jun 04 03:29:39 UTC 2026","","Go Test","github.com/specterops/bloodhound/cmd/api/src/auth/TestGenerateTOTPSecret","TestGenerateTOTPSecret"
"","242","displays validation error messages when Save button is clicked and no form input is provided","PasswordDialog","Thu Jun 04 03:31:24 UTC 2026","passed","Thu Jun 04 03:31:25 UTC 2026","","","",""
"Test cases for TestSelectGPOContainerCandidateFilter","0","TestSelectGPOContainerCandidateFilter","","Thu Jun 04 03:29:55 UTC 2026","passed","Thu Jun 04 03:29:55 UTC 2026","","Go Test","github.com/specterops/bloodhound/packages/go/analysis/ad/TestSelectGPOContainerCandidateFilter","TestSelectGPOContainerCandidateFilter"
"","516","navigates to object details when clicking an object row","ObjectsAccordion","Thu Jun 04 03:34:08 UTC 2026","passed","Thu Jun 04 03:34:09 UTC 2026","","","",""
"","315","displays error if delete button is clicked when no checkbox is selected","DatabaseManagement","Thu Jun 04 03:36:39 UTC 2026","passed","Thu Jun 04 03:36:40 UTC 2026","","","",""
"Test cases for TestAddWhereClauseToNeo4jQuery_NoWhereClause","0","TestAddWhereClauseToNeo4jQuery_NoWhereClause","","Thu Jun 04 03:29:39 UTC 2026","passed","Thu Jun 04 03:29:39 UTC 2026","","Go Test","github.com/specterops/bloodhound/cmd/api/src/api/v2/TestAddWhereClauseToNeo4jQuery_NoWhereClause","TestAddWhereClauseToNeo4jQuery_NoWhereClause"
"","0","The node radius is adjusted to take into account the current camera zoom ratio","getNodeRadius","Thu Jun 04 03:37:16 UTC 2026","passed","Thu Jun 04 03:37:16 UTC 2026","","","",""
"Test cases for TestResources_ListADGPOAffectedUsers","1","TestResources_ListADGPOAffectedUsers","","Thu Jun 04 03:29:38 UTC 2026","passed","Thu Jun 04 03:29:38 UTC 2026","","Go Test","github.com/specterops/bloodhound/cmd/api/src/api/v2/TestResources_ListADGPOAffectedUsers","TestResources_ListADGPOAffectedUsers"
"","54","should have a .z-nav class","MainNav","Thu Jun 04 03:33:18 UTC 2026","passed","Thu Jun 04 03:33:18 UTC 2026","","","",""
"","796","should initiate data loading when an item is selected","Simple Environment Selector","Thu Jun 04 03:33:12 UTC 2026","passed","Thu Jun 04 03:33:13 UTC 2026","","","",""
"","78","indicates that filters are inactive","AssetGroupEdit","Thu Jun 04 03:32:58 UTC 2026","passed","Thu Jun 04 03:32:58 UTC 2026","","","",""
"","444","renders the form for creating a new zone","Tag Form","Thu Jun 04 03:30:41 UTC 2026","passed","Thu Jun 04 03:30:41 UTC 2026","","","",""
"","198","opens the dialog when the button is clicked","SchemaUploadDialog","Thu Jun 04 03:32:16 UTC 2026","passed","Thu Jun 04 03:32:16 UTC 2026","","","",""
"","219","calls setExploreParams with only the expandedSection label when selecting any accordion that is not composition","EdgeInfoContent","Thu Jun 04 03:31:12 UTC 2026","passed","Thu Jun 04 03:31:12 UTC 2026","","EdgeInfoContent support for Deep Linking","",""
"Test cases for TestResources_GetUserEntityInfo","2","TestResources_GetUserEntityInfo","","Thu Jun 04 03:29:38 UTC 2026","passed","Thu Jun 04 03:29:38 UTC 2026","","Go Test","github.com/specterops/bloodhound/cmd/api/src/api/v2/TestResources_GetUserEntityInfo","TestResources_GetUserEntityInfo"
"Test cases for TestManagementResource_OIDCCallbackHandler","18","TestManagementResource_OIDCCallbackHandler","","Thu Jun 04 03:30:14 UTC 2026","passed","Thu Jun 04 03:30:14 UTC 2026","","Go Test","github.com/specterops/bloodhound/cmd/api/src/api/v2/auth/TestManagementResource_OIDCCallbackHandler","TestManagementResource_OIDCCallbackHandler"
"","6","should return null if the edge key does not have enough information","getEdgeDataFromKey","Thu Jun 04 03:37:23 UTC 2026","passed","Thu Jun 04 03:37:23 UTC 2026","","","",""
"","12","when password is expired and on password reset page, no redirect occurs","AuthenticatedRoute","Thu Jun 04 03:37:08 UTC 2026","passed","Thu Jun 04 03:37:08 UTC 2026","","","",""
"Test cases for TestInt64SetValid","0","TestInt64SetValid","","Thu Jun 04 03:29:42 UTC 2026","passed","Thu Jun 04 03:29:42 UTC 2026","","Go Test","github.com/specterops/bloodhound/cmd/api/src/database/types/null/TestInt64SetValid","TestInt64SetValid"
"","10","renders without label when label is empty string","StatusIndicator","Thu Jun 04 03:36:03 UTC 2026","passed","Thu Jun 04 03:36:03 UTC 2026","","","",""
"","174","should display","GenericErrorBoundaryFallback","Thu Jun 04 03:36:18 UTC 2026","passed","Thu Jun 04 03:36:18 UTC 2026","","","",""
"","532","reflects the persisted selected layout in the controls menu","GraphView","Thu Jun 04 03:36:44 UTC 2026","passed","Thu Jun 04 03:36:45 UTC 2026","","Layout selection and de-selection","",""
"","32","whencreated","Handling value formatting for Active Directory entity properties lastlogon, lastlogontimestamp, whencreated, and pwdlastset","Thu Jun 04 03:32:53 UTC 2026","passed","Thu Jun 04 03:32:53 UTC 2026","","","",""
"","0","fails for password without uppercase letters","testPassword","Thu Jun 04 03:36:11 UTC 2026","passed","Thu Jun 04 03:36:11 UTC 2026","","","",""
"","147","invokes handleFilterChange with eq:true when clicked and custom_member filter is off","AssetGroupEdit","Thu Jun 04 03:33:00 UTC 2026","passed","Thu Jun 04 03:33:00 UTC 2026","","Custom Member checkbox filter","",""
"Test cases for Test_filterAndFormatSearchResults_filterEnvironments_domainSIDFail","0","Test_filterAndFormatSearchResults_filterEnvironments_domainSIDFail","","Thu Jun 04 03:29:38 UTC 2026","passed","Thu Jun 04 03:29:38 UTC 2026","","Go Test","github.com/specterops/bloodhound/cmd/api/src/api/v2/Test_filterAndFormatSearchResults_filterEnvironments_domainSIDFail","Test_filterAndFormatSearchResults_filterEnvironments_domainSIDFail"
"","440","clicking cancel on the form takes the user back to the details page the user was on previously","Rule Form","Thu Jun 04 03:31:04 UTC 2026","passed","Thu Jun 04 03:31:04 UTC 2026","","","",""
"","25","renders null if network fails to return valid asset group membership list","AssetGroupMenuItem","Thu Jun 04 03:36:38 UTC 2026","passed","Thu Jun 04 03:36:38 UTC 2026","","adding to an asset group","",""
"","122","renders the selected query in the cypher editor when editing a query that differs from the active cypher search","SaveQueryDialog","Thu Jun 04 03:30:44 UTC 2026","passed","Thu Jun 04 03:30:44 UTC 2026","","","",""
"Test cases for TestResources_ListADDomainContainedUsers","0","TestResources_ListADDomainContainedUsers","","Thu Jun 04 03:29:38 UTC 2026","passed","Thu Jun 04 03:29:38 UTC 2026","","Go Test","github.com/specterops/bloodhound/cmd/api/src/api/v2/TestResources_ListADDomainContainedUsers","TestResources_ListADDomainContainedUsers"
"","1","returns empty arrays when kinds data has empty arrays","graphSchema","Thu Jun 04 03:35:39 UTC 2026","passed","Thu Jun 04 03:35:39 UTC 2026","","","",""
"Test cases for TestExpireUserAuthSecret_Failure","0","TestExpireUserAuthSecret_Failure","","Thu Jun 04 03:29:45 UTC 2026","passed","Thu Jun 04 03:29:45 UTC 2026","","Go Test","github.com/specterops/bloodhound/cmd/api/src/api/v2/auth/TestExpireUserAuthSecret_Failure","TestExpireUserAuthSecret_Failure"
"Test cases for TestResources_GetAssetGroupMemberCount_Success","0","TestResources_GetAssetGroupMemberCount_Success","","Thu Jun 04 03:29:38 UTC 2026","passed","Thu Jun 04 03:29:38 UTC 2026","","Go Test","github.com/specterops/bloodhound/cmd/api/src/api/v2/TestResources_GetAssetGroupMemberCount_Success","TestResources_GetAssetGroupMemberCount_Success"
"Test cases for TestAssetGroupMembers_Filter_Equals","0","TestAssetGroupMembers_Filter_Equals","","Thu Jun 04 03:29:27 UTC 2026","passed","Thu Jun 04 03:29:27 UTC 2026","","Go Test","github.com/specterops/bloodhound/cmd/api/src/api/TestAssetGroupMembers_Filter_Equals","TestAssetGroupMembers_Filter_Equals"
"Test cases for TestBuildErrorResponseBadRequest","0","TestBuildErrorResponseBadRequest","","Thu Jun 04 03:29:28 UTC 2026","passed","Thu Jun 04 03:29:28 UTC 2026","","Go Test","github.com/specterops/bloodhound/cmd/api/src/api/TestBuildErrorResponseBadRequest","TestBuildErrorResponseBadRequest"
"Test cases for TestWriteErrorResponse_InvalidFormat","0","TestWriteErrorResponse_InvalidFormat","","Thu Jun 04 03:29:28 UTC 2026","passed","Thu Jun 04 03:29:28 UTC 2026","","Go Test","github.com/specterops/bloodhound/cmd/api/src/api/TestWriteErrorResponse_InvalidFormat","TestWriteErrorResponse_InvalidFormat"
"","61","includes all traversable OpenGraph edges in their own category when they are available via the API","useEdgeCategories","Thu Jun 04 03:33:04 UTC 2026","passed","Thu Jun 04 03:33:04 UTC 2026","","","",""
"","2274","should remove the option from the changelog when the corresponding button is clicked","AssetGroupEdit","Thu Jun 04 03:34:29 UTC 2026","passed","Thu Jun 04 03:34:32 UTC 2026","","","",""
"Test cases for TestResources_CreateCustomNodeKindsTest","120","TestResources_CreateCustomNodeKindsTest","","Thu Jun 04 03:29:38 UTC 2026","passed","Thu Jun 04 03:29:39 UTC 2026","","Go Test","github.com/specterops/bloodhound/cmd/api/src/api/v2/TestResources_CreateCustomNodeKindsTest","TestResources_CreateCustomNodeKindsTest"
"","299","Displays a notification when analysis has been requested successfully","AnalyzeNowConfiguration","Thu Jun 04 03:33:20 UTC 2026","passed","Thu Jun 04 03:33:20 UTC 2026","","","",""
"","427","does fires TagToZoneDialog when the Zone option is clicked","TagToZoneLabel","Thu Jun 04 03:30:52 UTC 2026","passed","Thu Jun 04 03:30:52 UTC 2026","","","",""
"Test cases for TestValidateTOTPSecret","0","TestValidateTOTPSecret","","Thu Jun 04 03:29:39 UTC 2026","passed","Thu Jun 04 03:29:39 UTC 2026","","Go Test","github.com/specterops/bloodhound/cmd/api/src/auth/TestValidateTOTPSecret","TestValidateTOTPSecret"
"Test cases for TestContextMiddleware_InvalidWaitLessThanZero","0","TestContextMiddleware_InvalidWaitLessThanZero","","Thu Jun 04 03:29:32 UTC 2026","passed","Thu Jun 04 03:29:32 UTC 2026","","Go Test","github.com/specterops/bloodhound/cmd/api/src/api/middleware/TestContextMiddleware_InvalidWaitLessThanZero","TestContextMiddleware_InvalidWaitLessThanZero"
"","583","calls handleFilterChange when a node type is selected","AssetGroupEdit","Thu Jun 04 03:32:59 UTC 2026","passed","Thu Jun 04 03:33:00 UTC 2026","","Node Type dropdown filter","",""
"","123","renders enabled Label, Rule and Object tabs","Selected Details Tabs","Thu Jun 04 03:33:25 UTC 2026","passed","Thu Jun 04 03:33:25 UTC 2026","","Selected Details Tabs - Params present","",""
"","439","does not render an edit form for the selected asset group when a user does not have graph write permissions","GroupManagement","Thu Jun 04 03:37:06 UTC 2026","passed","Thu Jun 04 03:37:06 UTC 2026","","","",""
"","332","should display a ""Configure Multi-Factor Authentication"" modal","UserProfile","Thu Jun 04 03:33:13 UTC 2026","passed","Thu Jun 04 03:33:14 UTC 2026","","""Multi-Factor Authentication"" switch","",""
"Test cases for Test_SetDependency","0","Test_SetDependency","","Thu Jun 04 03:29:57 UTC 2026","passed","Thu Jun 04 03:29:57 UTC 2026","","Go Test","github.com/specterops/bloodhound/packages/go/lab/Test_SetDependency","Test_SetDependency"
"","1","filters by collected=true when ""yes"" filter is active","filterAndSearchEnvironments","Thu Jun 04 03:31:05 UTC 2026","passed","Thu Jun 04 03:31:05 UTC 2026","","collected filters","",""
"Test cases for TestGetAzureDataQualityStats_Success","8","TestGetAzureDataQualityStats_Success","","Thu Jun 04 03:29:38 UTC 2026","passed","Thu Jun 04 03:29:39 UTC 2026","","Go Test","github.com/specterops/bloodhound/cmd/api/src/api/v2/TestGetAzureDataQualityStats_Success","TestGetAzureDataQualityStats_Success"
"Test cases for TestIsValidContentTypeForUpload","0","TestIsValidContentTypeForUpload","","Thu Jun 04 03:29:39 UTC 2026","passed","Thu Jun 04 03:29:39 UTC 2026","","Go Test","github.com/specterops/bloodhound/cmd/api/src/api/v2/TestIsValidContentTypeForUpload","TestIsValidContentTypeForUpload"
"Test cases for TestResources_GetShortestPath_ETAC","52","TestResources_GetShortestPath_ETAC","","Thu Jun 04 03:29:39 UTC 2026","passed","Thu Jun 04 03:29:39 UTC 2026","","Go Test","github.com/specterops/bloodhound/cmd/api/src/api/v2/TestResources_GetShortestPath_ETAC","TestResources_GetShortestPath_ETAC"
"","0","properly displays bitwise integers","Formatting number properties","Thu Jun 04 03:32:53 UTC 2026","passed","Thu Jun 04 03:32:53 UTC 2026","","","",""
"Test cases for TestMarshalInt64","0","TestMarshalInt64","","Thu Jun 04 03:29:42 UTC 2026","passed","Thu Jun 04 03:29:42 UTC 2026","","Go Test","github.com/specterops/bloodhound/cmd/api/src/database/types/null/TestMarshalInt64","TestMarshalInt64"
"","651","renders the form for creating a new rule","Rule Form","Thu Jun 04 03:31:00 UTC 2026","passed","Thu Jun 04 03:31:00 UTC 2026","","","",""
"","9","should render when search string at the end of the text","HighlightedText","Thu Jun 04 03:35:25 UTC 2026","passed","Thu Jun 04 03:35:25 UTC 2026","","","",""
"","14","does not render highlight for non-active tag","SelectedHighlight","Thu Jun 04 03:35:16 UTC 2026","passed","Thu Jun 04 03:35:16 UTC 2026","","","",""
"Test cases for TestManagementResource_ListUsers_PredicateMismatchWithColumn","0","TestManagementResource_ListUsers_PredicateMismatchWithColumn","","Thu Jun 04 03:29:45 UTC 2026","passed","Thu Jun 04 03:29:45 UTC 2026","","Go Test","github.com/specterops/bloodhound/cmd/api/src/api/v2/auth/TestManagementResource_ListUsers_PredicateMismatchWithColumn","TestManagementResource_ListUsers_PredicateMismatchWithColumn"
"Test cases for TestOpenGraphSchemaService_GetGraphSchemaExtensions","1","TestOpenGraphSchemaService_GetGraphSchemaExtensions","","Thu Jun 04 03:29:47 UTC 2026","passed","Thu Jun 04 03:29:47 UTC 2026","","Go Test","github.com/specterops/bloodhound/cmd/api/src/services/opengraphschema/TestOpenGraphSchemaService_GetGraphSchemaExtensions","TestOpenGraphSchemaService_GetGraphSchemaExtensions"
"Copyright 2021 The Go Authors. All rights reserved.TestConcat was ripped from go1.22 source and should be replaced with the stdlib implementation when we move to 1.22Original source: https:","0","TestConcat_too_large","","Thu Jun 04 03:29:57 UTC 2026","passed","Thu Jun 04 03:29:57 UTC 2026","","Go Test","github.com/specterops/bloodhound/packages/go/slicesext/TestConcat_too_large","TestConcat_too_large"
"","157","updates value when a valid date typed","ManagedDatePicker - value","Thu Jun 04 03:33:53 UTC 2026","passed","Thu Jun 04 03:33:53 UTC 2026","","","",""
"Test cases for TestResources_GetFlags","0","TestResources_GetFlags","","Thu Jun 04 03:29:39 UTC 2026","passed","Thu Jun 04 03:29:39 UTC 2026","","Go Test","github.com/specterops/bloodhound/cmd/api/src/api/v2/TestResources_GetFlags","TestResources_GetFlags"
"Test cases for TestManagementResource_DeleteSAMLProvider","1","TestManagementResource_DeleteSAMLProvider","","Thu Jun 04 03:29:45 UTC 2026","passed","Thu Jun 04 03:29:45 UTC 2026","","Go Test","github.com/specterops/bloodhound/cmd/api/src/api/v2/auth/TestManagementResource_DeleteSAMLProvider","TestManagementResource_DeleteSAMLProvider"
"Test cases for TestResolver_StartDone","19","TestResolver_StartDone","","Thu Jun 04 03:29:46 UTC 2026","passed","Thu Jun 04 03:29:46 UTC 2026","","Go Test","github.com/specterops/bloodhound/cmd/api/src/services/graphify/endpoint/TestResolver_StartDone","TestResolver_StartDone"
"Test cases for TestConvertDomainToNode_DomainInvalidProperties","0","TestConvertDomainToNode_DomainInvalidProperties","","Thu Jun 04 03:29:56 UTC 2026","passed","Thu Jun 04 03:29:56 UTC 2026","","Go Test","github.com/specterops/bloodhound/packages/go/ein/TestConvertDomainToNode_DomainInvalidProperties","TestConvertDomainToNode_DomainInvalidProperties"
"","2","receives the current stored value as the previous state","useLocalStorage","Thu Jun 04 03:33:18 UTC 2026","passed","Thu Jun 04 03:33:18 UTC 2026","","functional updater","",""
"Test cases for TestFlatMap","0","TestFlatMap","","Thu Jun 04 03:29:57 UTC 2026","passed","Thu Jun 04 03:29:57 UTC 2026","","Go Test","github.com/specterops/bloodhound/packages/go/slicesext/TestFlatMap","TestFlatMap"
"Test cases for TestDatabase_GetAssetGroupTag","1","TestDatabase_GetAssetGroupTag","","Thu Jun 04 03:29:38 UTC 2026","passed","Thu Jun 04 03:29:38 UTC 2026","","Go Test","github.com/specterops/bloodhound/cmd/api/src/api/v2/TestDatabase_GetAssetGroupTag","TestDatabase_GetAssetGroupTag"
"","21","displays CaretDownOutline icon when the sortOrder is undefined","ColumnHeaders","Thu Jun 04 03:33:54 UTC 2026","passed","Thu Jun 04 03:33:54 UTC 2026","","SortableHeader","",""
"","300","can render","ExploreSearchCombobox","Thu Jun 04 03:32:59 UTC 2026","passed","Thu Jun 04 03:32:59 UTC 2026","","","",""
"Test cases for TestMarshalBoolText","0","TestMarshalBoolText","","Thu Jun 04 03:29:42 UTC 2026","passed","Thu Jun 04 03:29:42 UTC 2026","","Go Test","github.com/specterops/bloodhound/cmd/api/src/database/types/null/TestMarshalBoolText","TestMarshalBoolText"
"","301","should call the checkbox filter function when clicking on a checkbox input","Checkbox group","Thu Jun 04 03:35:55 UTC 2026","passed","Thu Jun 04 03:35:56 UTC 2026","","","",""
"","0","returns empty array when environments is undefined","filterAndSearchEnvironments","Thu Jun 04 03:31:05 UTC 2026","passed","Thu Jun 04 03:31:05 UTC 2026","","with empty environments","",""
"","275","handles close event","ImportQueryDialog","Thu Jun 04 03:36:04 UTC 2026","passed","Thu Jun 04 03:36:04 UTC 2026","","","",""
"Test cases for TestRoleAssignments_NodesWithRolesExclusive","0","TestRoleAssignments_NodesWithRolesExclusive","","Thu Jun 04 03:29:55 UTC 2026","passed","Thu Jun 04 03:29:55 UTC 2026","","Go Test","github.com/specterops/bloodhound/packages/go/analysis/azure/TestRoleAssignments_NodesWithRolesExclusive","TestRoleAssignments_NodesWithRolesExclusive"
"","81","skips undefined items gracefully","<DetailsAccordion />","Thu Jun 04 03:32:44 UTC 2026","passed","Thu Jun 04 03:32:44 UTC 2026","","","",""
"","313","should call onClose when cancel button is clicked","SaveQueryDialog","Thu Jun 04 03:30:42 UTC 2026","passed","Thu Jun 04 03:30:43 UTC 2026","","","",""
"Test cases for TestRoleAssignments_NodeHasRole","0","TestRoleAssignments_NodeHasRole","","Thu Jun 04 03:29:55 UTC 2026","passed","Thu Jun 04 03:29:55 UTC 2026","","Go Test","github.com/specterops/bloodhound/packages/go/analysis/azure/TestRoleAssignments_NodeHasRole","TestRoleAssignments_NodeHasRole"
"Test cases for TestResources_DeleteSavedQuery_NotPublicQueryAndUserIsAdmin","0","TestResources_DeleteSavedQuery_NotPublicQueryAndUserIsAdmin","","Thu Jun 04 03:29:39 UTC 2026","passed","Thu Jun 04 03:29:39 UTC 2026","","Go Test","github.com/specterops/bloodhound/cmd/api/src/api/v2/TestResources_DeleteSavedQuery_NotPublicQueryAndUserIsAdmin","TestResources_DeleteSavedQuery_NotPublicQueryAndUserIsAdmin"
"","0","should return an object denoting that the property is not in the schema when it is unrecognized","validating a node property against the shared generated schema","Thu Jun 04 03:32:53 UTC 2026","passed","Thu Jun 04 03:32:53 UTC 2026","","","",""
"Test cases for TestConvertComputerToNode","0","TestConvertComputerToNode","","Thu Jun 04 03:29:56 UTC 2026","passed","Thu Jun 04 03:29:56 UTC 2026","","Go Test","github.com/specterops/bloodhound/packages/go/ein/TestConvertComputerToNode","TestConvertComputerToNode"
"Test cases for TestResources_ListADComputerPSRemoteUsers","1","TestResources_ListADComputerPSRemoteUsers","","Thu Jun 04 03:29:38 UTC 2026","passed","Thu Jun 04 03:29:38 UTC 2026","","Go Test","github.com/specterops/bloodhound/cmd/api/src/api/v2/TestResources_ListADComputerPSRemoteUsers","TestResources_ListADComputerPSRemoteUsers"
"","16","disables the upload button and does not populate a table if the user lacks the permission","File Upload","Thu Jun 04 03:33:34 UTC 2026","passed","Thu Jun 04 03:33:34 UTC 2026","","","",""
"","2","dispatches a storage event when a value is set","useLocalStorage","Thu Jun 04 03:33:18 UTC 2026","passed","Thu Jun 04 03:33:18 UTC 2026","","storage event synchronisation","",""
"","12","renders the LabelSelector when available and on a Label page","TagSelector","Thu Jun 04 03:34:20 UTC 2026","passed","Thu Jun 04 03:34:20 UTC 2026","","","",""
"","0","reports an API error when the name for the rule is not unique","handleError","Thu Jun 04 03:32:20 UTC 2026","passed","Thu Jun 04 03:32:20 UTC 2026","","","",""
"Test cases for TestFeatureFlag_HA","303","TestFeatureFlag_HA","","Thu Jun 04 03:29:40 UTC 2026","passed","Thu Jun 04 03:29:40 UTC 2026","","Go Test","github.com/specterops/bloodhound/cmd/api/src/daemons/changelog/TestFeatureFlag_HA","TestFeatureFlag_HA"
"","186","handles removing from a non-tier-zero asset group","AssetGroupMenuItem","Thu Jun 04 03:36:38 UTC 2026","passed","Thu Jun 04 03:36:39 UTC 2026","","removing from an asset group","",""
"Test cases for TestTextUnmarshalBool","0","TestTextUnmarshalBool","","Thu Jun 04 03:29:42 UTC 2026","passed","Thu Jun 04 03:29:42 UTC 2026","","Go Test","github.com/specterops/bloodhound/cmd/api/src/database/types/null/TestTextUnmarshalBool","TestTextUnmarshalBool"
"Test cases for TestGormLogAdapter_Info","0","TestGormLogAdapter_Info","","Thu Jun 04 03:29:41 UTC 2026","passed","Thu Jun 04 03:29:41 UTC 2026","","Go Test","github.com/specterops/bloodhound/cmd/api/src/database/TestGormLogAdapter_Info","TestGormLogAdapter_Info"
"","69","passes data to testing component","SavedQueriesProvider","Thu Jun 04 03:35:52 UTC 2026","passed","Thu Jun 04 03:35:52 UTC 2026","","","",""
"","76","when session token or user are null, redirects to /login","AuthenticatedRoute","Thu Jun 04 03:37:07 UTC 2026","passed","Thu Jun 04 03:37:08 UTC 2026","","","",""
"","1088","calls the passed in select handler when clicking the Confirm button","Glyph Select Dialog","Thu Jun 04 03:35:47 UTC 2026","passed","Thu Jun 04 03:35:48 UTC 2026","","","",""
"","3","announces a message with assertive priority","AnnouncementProvider","Thu Jun 04 03:34:21 UTC 2026","passed","Thu Jun 04 03:34:21 UTC 2026","","","",""
"Test cases for TestResources_ListADOUContainedGroups","0","TestResources_ListADOUContainedGroups","","Thu Jun 04 03:29:38 UTC 2026","passed","Thu Jun 04 03:29:38 UTC 2026","","Go Test","github.com/specterops/bloodhound/cmd/api/src/api/v2/TestResources_ListADOUContainedGroups","TestResources_ListADOUContainedGroups"
"","83","should not display api key management button","Api Keys","Thu Jun 04 03:33:14 UTC 2026","passed","Thu Jun 04 03:33:14 UTC 2026","","","",""
"","290","filters unselected columns when typing in the filter input","ManageColumnsComboBox","Thu Jun 04 03:32:49 UTC 2026","passed","Thu Jun 04 03:32:49 UTC 2026","","","",""
"Test cases for TestNewAuditLog_Error","0","TestNewAuditLog_Error","","Thu Jun 04 03:29:41 UTC 2026","passed","Thu Jun 04 03:29:41 UTC 2026","","Go Test","github.com/specterops/bloodhound/cmd/api/src/database/TestNewAuditLog_Error","TestNewAuditLog_Error"
"","0","handles percent values by multiplying by 100, truncating to an integer, and adding a ""%"" to the end","Formatting number properties","Thu Jun 04 03:32:53 UTC 2026","passed","Thu Jun 04 03:32:53 UTC 2026","","","",""
"Test cases for TestStringScan","0","TestStringScan","","Thu Jun 04 03:29:42 UTC 2026","passed","Thu Jun 04 03:29:42 UTC 2026","","Go Test","github.com/specterops/bloodhound/cmd/api/src/database/types/null/TestStringScan","TestStringScan"
"","1234","should display a dropdown when a user types a partial query that can be autocompleted","CypherSearch","Thu Jun 04 03:31:36 UTC 2026","passed","Thu Jun 04 03:31:37 UTC 2026","","","",""
"Test cases for TestEndNodes","1","TestEndNodes","","Thu Jun 04 03:29:55 UTC 2026","passed","Thu Jun 04 03:29:55 UTC 2026","","Go Test","github.com/specterops/bloodhound/packages/go/analysis/azure/TestEndNodes","TestEndNodes"
"","170","calls onCancel when cancel button clicked","EarlyAccessFeaturesWarningDialog","Thu Jun 04 03:37:23 UTC 2026","passed","Thu Jun 04 03:37:23 UTC 2026","","","",""
"","145","buttons are disabled while loading","PasswordResetForm","Thu Jun 04 03:33:42 UTC 2026","passed","Thu Jun 04 03:33:42 UTC 2026","","","",""
"","657","displays a Upload Files button","FileIngest","Thu Jun 04 03:35:19 UTC 2026","passed","Thu Jun 04 03:35:19 UTC 2026","","","",""
"","359","Displays a notification when an error happened when requesting analysis","AnalyzeNowConfiguration","Thu Jun 04 03:33:19 UTC 2026","passed","Thu Jun 04 03:33:20 UTC 2026","","","",""
"","34","renders a list of pre-built searches and displays categories and subcategories one time","PrebuiltSearchList","Thu Jun 04 03:34:00 UTC 2026","passed","Thu Jun 04 03:34:01 UTC 2026","","","",""
"Test cases for TestParseAGMembersFromNodes_MissingNodeProperties","0","TestParseAGMembersFromNodes_MissingNodeProperties","","Thu Jun 04 03:29:38 UTC 2026","passed","Thu Jun 04 03:29:38 UTC 2026","","Go Test","github.com/specterops/bloodhound/cmd/api/src/api/v2/TestParseAGMembersFromNodes_MissingNodeProperties","TestParseAGMembersFromNodes_MissingNodeProperties"
"","6","calls the provided notification method","handleError","Thu Jun 04 03:32:20 UTC 2026","passed","Thu Jun 04 03:32:20 UTC 2026","","","",""
"","94","if a hint is given, it show date placeholder on focus, restores hint on blur","ManagedDatePicker - placeholders","Thu Jun 04 03:33:53 UTC 2026","passed","Thu Jun 04 03:33:53 UTC 2026","","","",""
"Test cases for TestGenericAssign","0","TestGenericAssign","","Thu Jun 04 03:29:50 UTC 2026","passed","Thu Jun 04 03:29:50 UTC 2026","","Go Test","github.com/specterops/bloodhound/cmd/api/src/utils/TestGenericAssign","TestGenericAssign"
"","39","should highlight selected route","Main Nav Route Highlighting","Thu Jun 04 03:33:18 UTC 2026","passed","Thu Jun 04 03:33:18 UTC 2026","","","",""
"Test cases for Test_ConvertAzureRoleManagementPolicyAssignment","0","Test_ConvertAzureRoleManagementPolicyAssignment","","Thu Jun 04 03:29:56 UTC 2026","passed","Thu Jun 04 03:29:56 UTC 2026","","Go Test","github.com/specterops/bloodhound/packages/go/ein/Test_ConvertAzureRoleManagementPolicyAssignment","Test_ConvertAzureRoleManagementPolicyAssignment"
"Test cases for TestResources_GetAssetGroup","0","TestResources_GetAssetGroup","","Thu Jun 04 03:29:38 UTC 2026","passed","Thu Jun 04 03:29:38 UTC 2026","","Go Test","github.com/specterops/bloodhound/cmd/api/src/api/v2/TestResources_GetAssetGroup","TestResources_GetAssetGroup"
"","15","optionally allows the consumer to pass a query to performSearch() and adds that query to the url","useCypherSearch","Thu Jun 04 03:35:44 UTC 2026","passed","Thu Jun 04 03:35:44 UTC 2026","","","",""
"","65","passes checks if the user has multiple required permissions","usePermissions","Thu Jun 04 03:33:05 UTC 2026","passed","Thu Jun 04 03:33:05 UTC 2026","","","",""
"","652","should render the cypher search controls when user clicks on cypher tab","ExploreSearch rendering per tab","Thu Jun 04 03:36:46 UTC 2026","passed","Thu Jun 04 03:36:47 UTC 2026","","","",""
"","114","renders when all data is available and rule is not default","Delete Selector Button rendering","Thu Jun 04 03:35:51 UTC 2026","passed","Thu Jun 04 03:35:51 UTC 2026","","","",""
"Test cases for TestBoolEqual","0","TestBoolEqual","","Thu Jun 04 03:29:42 UTC 2026","passed","Thu Jun 04 03:29:42 UTC 2026","","Go Test","github.com/specterops/bloodhound/cmd/api/src/database/types/null/TestBoolEqual","TestBoolEqual"
"","8","applies animation class to the title","ProcessingIndicator","Thu Jun 04 03:36:14 UTC 2026","passed","Thu Jun 04 03:36:14 UTC 2026","","","",""
"","514","does not display must be new password error messages when current password is not required","PasswordDialog","Thu Jun 04 03:31:28 UTC 2026","passed","Thu Jun 04 03:31:29 UTC 2026","","","",""
"Test cases for TestResources_ListAuditLogs_Filtered","0","TestResources_ListAuditLogs_Filtered","","Thu Jun 04 03:29:38 UTC 2026","passed","Thu Jun 04 03:29:38 UTC 2026","","Go Test","github.com/specterops/bloodhound/cmd/api/src/api/v2/TestResources_ListAuditLogs_Filtered","TestResources_ListAuditLogs_Filtered"
"","0","should handle the well formed entities","Evaluating the entity display name from a given entity","Thu Jun 04 03:32:53 UTC 2026","passed","Thu Jun 04 03:32:53 UTC 2026","","","",""
"Test cases for Test_ParseSortParameters","0","Test_ParseSortParameters","","Thu Jun 04 03:29:28 UTC 2026","passed","Thu Jun 04 03:29:28 UTC 2026","","Go Test","github.com/specterops/bloodhound/cmd/api/src/api/Test_ParseSortParameters","Test_ParseSortParameters"
"Test cases for TestParseGroupMiscData","1","TestParseGroupMiscData","","Thu Jun 04 03:29:56 UTC 2026","passed","Thu Jun 04 03:29:56 UTC 2026","","Go Test","github.com/specterops/bloodhound/packages/go/ein/TestParseGroupMiscData","TestParseGroupMiscData"
"Test cases for TestResources_DeleteSavedQuery_IsPublicSavedQueryDBError","0","TestResources_DeleteSavedQuery_IsPublicSavedQueryDBError","","Thu Jun 04 03:29:39 UTC 2026","passed","Thu Jun 04 03:29:39 UTC 2026","","Go Test","github.com/specterops/bloodhound/cmd/api/src/api/v2/TestResources_DeleteSavedQuery_IsPublicSavedQueryDBError","TestResources_DeleteSavedQuery_IsPublicSavedQueryDBError"
"","2632","hides the password field and removes the requirement when logged in with SSO","Users","Thu Jun 04 03:32:28 UTC 2026","passed","Thu Jun 04 03:32:30 UTC 2026","","","",""
"","155","renders Empty when items is undefined and Empty is provided","<DetailsAccordion />","Thu Jun 04 03:32:43 UTC 2026","passed","Thu Jun 04 03:32:43 UTC 2026","","","",""
"","0","No type was provided and no results were available","Getting the text for the disabled item display for a search when there are no results","Thu Jun 04 03:34:30 UTC 2026","passed","Thu Jun 04 03:34:30 UTC 2026","","Empty data states","",""
"","281","should handle click events on apply and cancel","ConfirmUpdateQueryDialog","Thu Jun 04 03:35:48 UTC 2026","passed","Thu Jun 04 03:35:48 UTC 2026","","","",""
"","1","returns graphData as is if it doesnt match the GraphResponse interface","normalizeGraphDataForSigma","Thu Jun 04 03:37:22 UTC 2026","passed","Thu Jun 04 03:37:22 UTC 2026","","","",""
"Test cases for TestFloatFromPtr","0","TestFloatFromPtr","","Thu Jun 04 03:29:42 UTC 2026","passed","Thu Jun 04 03:29:42 UTC 2026","","Go Test","github.com/specterops/bloodhound/cmd/api/src/database/types/null/TestFloatFromPtr","TestFloatFromPtr"
"Test cases for TestManagementResource_UpdateUser_Success","666","TestManagementResource_UpdateUser_Success","","Thu Jun 04 03:30:03 UTC 2026","passed","Thu Jun 04 03:30:03 UTC 2026","","Go Test","github.com/specterops/bloodhound/cmd/api/src/api/v2/auth/TestManagementResource_UpdateUser_Success","TestManagementResource_UpdateUser_Success"
"","0","preserves unicode characters","escapeCypherString","Thu Jun 04 03:36:05 UTC 2026","passed","Thu Jun 04 03:36:05 UTC 2026","","","",""
"","142","returns false when no nodes are available","useGraphHasData","Thu Jun 04 03:35:37 UTC 2026","passed","Thu Jun 04 03:35:37 UTC 2026","","","",""
"Test cases for Test_hasCycle","0","Test_hasCycle","","Thu Jun 04 03:29:57 UTC 2026","passed","Thu Jun 04 03:29:57 UTC 2026","","Go Test","github.com/specterops/bloodhound/packages/go/lab/Test_hasCycle","Test_hasCycle"
"Test cases for TestMarshalFloat","0","TestMarshalFloat","","Thu Jun 04 03:29:42 UTC 2026","passed","Thu Jun 04 03:29:42 UTC 2026","","Go Test","github.com/specterops/bloodhound/cmd/api/src/database/types/null/TestMarshalFloat","TestMarshalFloat"
"Test cases for TestResources_ListADDomainContainedComputers","1","TestResources_ListADDomainContainedComputers","","Thu Jun 04 03:29:38 UTC 2026","passed","Thu Jun 04 03:29:38 UTC 2026","","Go Test","github.com/specterops/bloodhound/cmd/api/src/api/v2/TestResources_ListADDomainContainedComputers","TestResources_ListADDomainContainedComputers"
"Test cases for TestUnmarshalBool","0","TestUnmarshalBool","","Thu Jun 04 03:29:42 UTC 2026","passed","Thu Jun 04 03:29:42 UTC 2026","","Go Test","github.com/specterops/bloodhound/cmd/api/src/database/types/null/TestUnmarshalBool","TestUnmarshalBool"
"Test cases for TestResources_GetDatabaseCompleteness","92","TestResources_GetDatabaseCompleteness","","Thu Jun 04 03:29:39 UTC 2026","passed","Thu Jun 04 03:29:39 UTC 2026","","Go Test","github.com/specterops/bloodhound/cmd/api/src/api/v2/TestResources_GetDatabaseCompleteness","TestResources_GetDatabaseCompleteness"
"","63","shows an error notification if there is an error fetching","useFinishedJobs","Thu Jun 04 03:33:29 UTC 2026","passed","Thu Jun 04 03:33:29 UTC 2026","","","",""
"","0","A type was provided but no keyword follows the typed filter","Getting the text for the disabled item display for a search when there are no results","Thu Jun 04 03:34:30 UTC 2026","passed","Thu Jun 04 03:34:30 UTC 2026","","Empty data states","",""
"Test cases for TestFormatDatabaseError","0","TestFormatDatabaseError","","Thu Jun 04 03:29:28 UTC 2026","passed","Thu Jun 04 03:29:28 UTC 2026","","Go Test","github.com/specterops/bloodhound/cmd/api/src/api/TestFormatDatabaseError","TestFormatDatabaseError"
"Test cases for TestMatches_FailureAction","0","TestMatches_FailureAction","","Thu Jun 04 03:29:43 UTC 2026","passed","Thu Jun 04 03:29:43 UTC 2026","","Go Test","github.com/specterops/bloodhound/cmd/api/src/model/TestMatches_FailureAction","TestMatches_FailureAction"
"Test cases for TestResources_GetGPOEntityInfo","0","TestResources_GetGPOEntityInfo","","Thu Jun 04 03:29:38 UTC 2026","passed","Thu Jun 04 03:29:38 UTC 2026","","Go Test","github.com/specterops/bloodhound/cmd/api/src/api/v2/TestResources_GetGPOEntityInfo","TestResources_GetGPOEntityInfo"
"Test cases for TestQueries_BuildEntityQueryParams_InvalidLimit","0","TestQueries_BuildEntityQueryParams_InvalidLimit","","Thu Jun 04 03:29:44 UTC 2026","passed","Thu Jun 04 03:29:44 UTC 2026","","Go Test","github.com/specterops/bloodhound/cmd/api/src/queries/TestQueries_BuildEntityQueryParams_InvalidLimit","TestQueries_BuildEntityQueryParams_InvalidLimit"
"","1","should compute coordinates along a quadratic bezier curve for a given t value","bezier","Thu Jun 04 03:37:02 UTC 2026","passed","Thu Jun 04 03:37:02 UTC 2026","","","",""
"","298","shows a loading state","AssetGroupMenuItem","Thu Jun 04 03:32:54 UTC 2026","passed","Thu Jun 04 03:32:54 UTC 2026","","","",""
"","4096","subcategory with duplicate name does not show indeterminate when all its children are unchecked","Pathfinding","Thu Jun 04 03:32:23 UTC 2026","passed","Thu Jun 04 03:32:27 UTC 2026","","","",""
"Test cases for TestTimeFromPtr","0","TestTimeFromPtr","","Thu Jun 04 03:29:42 UTC 2026","passed","Thu Jun 04 03:29:42 UTC 2026","","Go Test","github.com/specterops/bloodhound/cmd/api/src/database/types/null/TestTimeFromPtr","TestTimeFromPtr"
"","331","calls onChangePinnedColumns with DEFAULT_PINNED_COLUMN_KEYS when ""Reset Default"" is clicked","ManageColumnsComboBox","Thu Jun 04 03:32:48 UTC 2026","passed","Thu Jun 04 03:32:48 UTC 2026","","","",""
"","0","returns undefined if paramValue is not an expected value","useExploreParams","Thu Jun 04 03:36:17 UTC 2026","passed","Thu Jun 04 03:36:17 UTC 2026","","parseSearchType","",""
"Test cases for TestResources_ListADComputerConstrainedDelegationUsers","2","TestResources_ListADComputerConstrainedDelegationUsers","","Thu Jun 04 03:29:38 UTC 2026","passed","Thu Jun 04 03:29:38 UTC 2026","","Go Test","github.com/specterops/bloodhound/cmd/api/src/api/v2/TestResources_ListADComputerConstrainedDelegationUsers","TestResources_ListADComputerConstrainedDelegationUsers"
"","0","returns all collected environments when aggegation type is all","getEnvironmentAggregationIds","Thu Jun 04 03:31:05 UTC 2026","passed","Thu Jun 04 03:31:05 UTC 2026","","","",""
"","2","treats a missing key as null when computing the next value","useLocalStorage","Thu Jun 04 03:33:18 UTC 2026","passed","Thu Jun 04 03:33:18 UTC 2026","","functional updater","",""
"Test cases for TestResources_RequestAnalysis","197","TestResources_RequestAnalysis","","Thu Jun 04 03:29:38 UTC 2026","passed","Thu Jun 04 03:29:39 UTC 2026","","Go Test","github.com/specterops/bloodhound/cmd/api/src/api/v2/TestResources_RequestAnalysis","TestResources_RequestAnalysis"
"Test cases for TestResources_ListADDomainForeignUsers","1","TestResources_ListADDomainForeignUsers","","Thu Jun 04 03:29:38 UTC 2026","passed","Thu Jun 04 03:29:38 UTC 2026","","Go Test","github.com/specterops/bloodhound/cmd/api/src/api/v2/TestResources_ListADDomainForeignUsers","TestResources_ListADDomainForeignUsers"
"","5","should return true when value matches term","compareTerm","Thu Jun 04 03:35:07 UTC 2026","passed","Thu Jun 04 03:35:07 UTC 2026","","","",""
"","711","should display Environmental Targeted Access Control panel when showEnvironmentAccessControls prop is true and read-only role is selected","UpdateUserForm","Thu Jun 04 03:30:50 UTC 2026","passed","Thu Jun 04 03:30:51 UTC 2026","","","",""
"","481","navigates to object details when clicking an object row","ObjectsAccordion","Thu Jun 04 03:35:12 UTC 2026","passed","Thu Jun 04 03:35:13 UTC 2026","","","",""
"","281","renders with applied filters","Privilege Zones History Filter Dialog","Thu Jun 04 03:33:28 UTC 2026","passed","Thu Jun 04 03:33:28 UTC 2026","","","",""
"","224","calls onChange with all columns when ""Select All"" is clicked","ManageColumnsComboBox","Thu Jun 04 03:32:47 UTC 2026","passed","Thu Jun 04 03:32:48 UTC 2026","","","",""
"","202","renders enabled Zone and Object tabs and disabled Rule tab","Selected Details Tabs","Thu Jun 04 03:33:25 UTC 2026","passed","Thu Jun 04 03:33:25 UTC 2026","","Selected Details Tabs - Params present","",""
"","456","calls openSAMLProviderDialog when SAML Provider menu item is clicked","CreateMenu","Thu Jun 04 03:33:01 UTC 2026","passed","Thu Jun 04 03:33:01 UTC 2026","","oidc_support feature flag enabled","",""
"Test cases for TestBoolPointer","0","TestBoolPointer","","Thu Jun 04 03:29:42 UTC 2026","passed","Thu Jun 04 03:29:42 UTC 2026","","Go Test","github.com/specterops/bloodhound/cmd/api/src/database/types/null/TestBoolPointer","TestBoolPointer"
"","28","renders custom icon correctly","NodeIcon","Thu Jun 04 03:35:30 UTC 2026","passed","Thu Jun 04 03:35:30 UTC 2026","","","",""
"","339","should display a searchbox with a placeholder when rendered","AssetGroupEdit","Thu Jun 04 03:34:25 UTC 2026","passed","Thu Jun 04 03:34:25 UTC 2026","","","",""
"","2640","should close the edge filtering dialog when user clicks apply button","EdgeFilter","Thu Jun 04 03:33:46 UTC 2026","passed","Thu Jun 04 03:33:49 UTC 2026","","","",""
"Test cases for TestNewManifest","0","TestNewManifest","","Thu Jun 04 03:29:41 UTC 2026","passed","Thu Jun 04 03:29:41 UTC 2026","","Go Test","github.com/specterops/bloodhound/cmd/api/src/database/migration/TestNewManifest","TestNewManifest"
"Test cases for TestCache_GuardedSet","2","TestCache_GuardedSet","","Thu Jun 04 03:29:55 UTC 2026","passed","Thu Jun 04 03:29:55 UTC 2026","","Go Test","github.com/specterops/bloodhound/packages/go/cache/TestCache_GuardedSet","TestCache_GuardedSet"
"","4411","search forces sections to expand when there is a match","Pathfinding","Thu Jun 04 03:32:10 UTC 2026","passed","Thu Jun 04 03:32:14 UTC 2026","","","",""
"","589","when a search result is clicked it calls `handleNodeSelected`","ExploreSearchCombobox","Thu Jun 04 03:33:00 UTC 2026","passed","Thu Jun 04 03:33:00 UTC 2026","","","",""
"","17","returns azure environmentInfo when environmentAggregation param is azure","useAvailableEnvironments","Thu Jun 04 03:33:35 UTC 2026","passed","Thu Jun 04 03:33:35 UTC 2026","","useSelectedEnvironment","",""
"","24","displays contact admin message when hidden edge is true","EdgeInfoContent","Thu Jun 04 03:31:12 UTC 2026","passed","Thu Jun 04 03:31:12 UTC 2026","","EdgeInfoContent support for hidden edges","",""
"","121","renders the analysis toggle when multi tier analysis enabled is true and when editing an existing zone","Tag Form","Thu Jun 04 03:30:42 UTC 2026","passed","Thu Jun 04 03:30:42 UTC 2026","","","",""
"Test cases for TestResources_DeleteSavedQuery_PublicQueryAndUserIsAdmin","0","TestResources_DeleteSavedQuery_PublicQueryAndUserIsAdmin","","Thu Jun 04 03:29:39 UTC 2026","passed","Thu Jun 04 03:29:39 UTC 2026","","Go Test","github.com/specterops/bloodhound/cmd/api/src/api/v2/TestResources_DeleteSavedQuery_PublicQueryAndUserIsAdmin","TestResources_DeleteSavedQuery_PublicQueryAndUserIsAdmin"
"","85","initializes the categories with just the built-in defaults when edge endpoint returns nothing","useEdgeCategories","Thu Jun 04 03:33:04 UTC 2026","passed","Thu Jun 04 03:33:04 UTC 2026","","","",""
"Test cases for TestIngestionCoordinator_FlushBuffer","2","TestIngestionCoordinator_FlushBuffer","","Thu Jun 04 03:29:40 UTC 2026","passed","Thu Jun 04 03:29:40 UTC 2026","","Go Test","github.com/specterops/bloodhound/cmd/api/src/daemons/changelog/TestIngestionCoordinator_FlushBuffer","TestIngestionCoordinator_FlushBuffer"
"","65","stores the state of a search term without modifying the query params","useCypherSearch","Thu Jun 04 03:35:44 UTC 2026","passed","Thu Jun 04 03:35:44 UTC 2026","","","",""
"Test cases for TestNormalizeToUTF8_LargeInput","0","TestNormalizeToUTF8_LargeInput","","Thu Jun 04 03:29:55 UTC 2026","passed","Thu Jun 04 03:29:55 UTC 2026","","Go Test","github.com/specterops/bloodhound/packages/go/bomenc/TestNormalizeToUTF8_LargeInput","TestNormalizeToUTF8_LargeInput"
"","0","returns a function that does not update searchParams if a key is not found in the updatedParams","searchParams","Thu Jun 04 03:34:36 UTC 2026","passed","Thu Jun 04 03:34:36 UTC 2026","","setSingleParamFactory","",""
"","353","renders an error message without throwing a TypeError","EntityInfoCollapsibleSection","Thu Jun 04 03:35:40 UTC 2026","passed","Thu Jun 04 03:35:40 UTC 2026","","","",""
"Test cases for TestKeyEncoder_Key_VaryingInputs","0","TestKeyEncoder_Key_VaryingInputs","","Thu Jun 04 03:29:55 UTC 2026","passed","Thu Jun 04 03:29:55 UTC 2026","","Go Test","github.com/specterops/bloodhound/packages/go/analysis/post/TestKeyEncoder_Key_VaryingInputs","TestKeyEncoder_Key_VaryingInputs"
"","232","allows a user to upload a single file and displays its name in the dialog","SchemaUploadDialog","Thu Jun 04 03:32:17 UTC 2026","passed","Thu Jun 04 03:32:17 UTC 2026","","","",""
"Test cases for TestManagementResource_OIDCLoginHandler","5","TestManagementResource_OIDCLoginHandler","","Thu Jun 04 03:30:14 UTC 2026","passed","Thu Jun 04 03:30:14 UTC 2026","","Go Test","github.com/specterops/bloodhound/cmd/api/src/api/v2/auth/TestManagementResource_OIDCLoginHandler","TestManagementResource_OIDCLoginHandler"
"","0","handles both node_kinds and edge_kinds together","graphSchema","Thu Jun 04 03:35:39 UTC 2026","passed","Thu Jun 04 03:35:39 UTC 2026","","","",""
"","79","renders note header correctly","HistoryNotes Component","Thu Jun 04 03:35:55 UTC 2026","passed","Thu Jun 04 03:35:55 UTC 2026","","","",""
"","131","disables the create user button and does not populate a table if the user lacks the permission","Users","Thu Jun 04 03:32:17 UTC 2026","passed","Thu Jun 04 03:32:17 UTC 2026","","","",""
"Test cases for TestManagementResource_GetAZEntity","117","TestManagementResource_GetAZEntity","","Thu Jun 04 03:29:38 UTC 2026","passed","Thu Jun 04 03:29:39 UTC 2026","","Go Test","github.com/specterops/bloodhound/cmd/api/src/api/v2/TestManagementResource_GetAZEntity","TestManagementResource_GetAZEntity"
"","66","clears selected if same note is clicked again","NoteCell component","Thu Jun 04 03:34:47 UTC 2026","passed","Thu Jun 04 03:34:47 UTC 2026","","","",""
"Test cases for TestBuildSQLSort","1","TestBuildSQLSort","","Thu Jun 04 03:29:28 UTC 2026","passed","Thu Jun 04 03:29:28 UTC 2026","","Go Test","github.com/specterops/bloodhound/cmd/api/src/api/TestBuildSQLSort","TestBuildSQLSort"
"Test cases for TestFloatInfNaN","0","TestFloatInfNaN","","Thu Jun 04 03:29:42 UTC 2026","passed","Thu Jun 04 03:29:42 UTC 2026","","Go Test","github.com/specterops/bloodhound/cmd/api/src/database/types/null/TestFloatInfNaN","TestFloatInfNaN"
"","2","dispatches a storage event with null newValue when the key is removed","useLocalStorage","Thu Jun 04 03:33:18 UTC 2026","passed","Thu Jun 04 03:33:18 UTC 2026","","storage event synchronisation","",""
"Test cases for Test_FixtureTeardown","0","Test_FixtureTeardown","","Thu Jun 04 03:29:57 UTC 2026","passed","Thu Jun 04 03:29:57 UTC 2026","","Go Test","github.com/specterops/bloodhound/packages/go/lab/Test_FixtureTeardown","Test_FixtureTeardown"
"Test cases for Test_setRawValue","0","Test_setRawValue","","Thu Jun 04 03:29:39 UTC 2026","passed","Thu Jun 04 03:29:39 UTC 2026","","Go Test","github.com/specterops/bloodhound/cmd/api/src/config/Test_setRawValue","Test_setRawValue"
"","0","should handle an entity that has no name property","Evaluating the entity display name from a given entity","Thu Jun 04 03:32:53 UTC 2026","passed","Thu Jun 04 03:32:53 UTC 2026","","","",""
"","4035","closes explore search tab menu and clears selected item when a cypher query returns multiple nodes","CypherSearch","Thu Jun 04 03:31:39 UTC 2026","passed","Thu Jun 04 03:31:43 UTC 2026","","Minimize explorer page elements when multiple nodes are returned","",""
"","115","renders a button when actor is not BloodHoundString and note exists","NoteCell component","Thu Jun 04 03:34:47 UTC 2026","passed","Thu Jun 04 03:34:47 UTC 2026","","","",""
"Test cases for TestResources_GetCollectorManifest","0","TestResources_GetCollectorManifest","","Thu Jun 04 03:29:38 UTC 2026","passed","Thu Jun 04 03:29:38 UTC 2026","","Go Test","github.com/specterops/bloodhound/cmd/api/src/api/v2/TestResources_GetCollectorManifest","TestResources_GetCollectorManifest"
"","216","The API key management option should appear in profile page if the user is configured for SAML login","UserProfile with SSO User","Thu Jun 04 03:33:12 UTC 2026","passed","Thu Jun 04 03:33:12 UTC 2026","","","",""
"","622","clears applied filters when clicking the Clear button","Privilege Zones History Filter Dialog","Thu Jun 04 03:33:28 UTC 2026","passed","Thu Jun 04 03:33:29 UTC 2026","","","",""
"Test cases for Test_ConvertAppFederatedIdentityCredential","0","Test_ConvertAppFederatedIdentityCredential","","Thu Jun 04 03:29:56 UTC 2026","passed","Thu Jun 04 03:29:56 UTC 2026","","Go Test","github.com/specterops/bloodhound/packages/go/ein/Test_ConvertAppFederatedIdentityCredential","Test_ConvertAppFederatedIdentityCredential"
"Test cases for TestManagementResource_UpdateUser_LookupActiveSessionsError","1370","TestManagementResource_UpdateUser_LookupActiveSessionsError","","Thu Jun 04 03:29:58 UTC 2026","passed","Thu Jun 04 03:30:00 UTC 2026","","Go Test","github.com/specterops/bloodhound/cmd/api/src/api/v2/auth/TestManagementResource_UpdateUser_LookupActiveSessionsError","TestManagementResource_UpdateUser_LookupActiveSessionsError"
"","402","disables a nested graph data option while its source kind is selected","GraphDataCheckboxes","Thu Jun 04 03:32:11 UTC 2026","passed","Thu Jun 04 03:32:11 UTC 2026","","","",""
"Test cases for TestResources_DeleteSavedQuery_UserNotAdmin","0","TestResources_DeleteSavedQuery_UserNotAdmin","","Thu Jun 04 03:29:39 UTC 2026","passed","Thu Jun 04 03:29:39 UTC 2026","","Go Test","github.com/specterops/bloodhound/cmd/api/src/api/v2/TestResources_DeleteSavedQuery_UserNotAdmin","TestResources_DeleteSavedQuery_UserNotAdmin"
"","1","runs a node search when the query param is set to ""node""","useExploreGraph","Thu Jun 04 03:32:07 UTC 2026","passed","Thu Jun 04 03:32:07 UTC 2026","","exploreGraphQueryFactory","",""
"Test cases for TestNewAuditLog_BadAuthContext","0","TestNewAuditLog_BadAuthContext","","Thu Jun 04 03:29:41 UTC 2026","passed","Thu Jun 04 03:29:41 UTC 2026","","Go Test","github.com/specterops/bloodhound/cmd/api/src/database/TestNewAuditLog_BadAuthContext","TestNewAuditLog_BadAuthContext"
"Test cases for TestStringIsZero","0","TestStringIsZero","","Thu Jun 04 03:29:42 UTC 2026","passed","Thu Jun 04 03:29:42 UTC 2026","","Go Test","github.com/specterops/bloodhound/cmd/api/src/database/types/null/TestStringIsZero","TestStringIsZero"
"","0","returns true if value is ''","searchParams","Thu Jun 04 03:34:36 UTC 2026","passed","Thu Jun 04 03:34:36 UTC 2026","","isEmptyParam","",""
"Test cases for TestResources_GetAssetGroupTagSelectors","2","TestResources_GetAssetGroupTagSelectors","","Thu Jun 04 03:29:38 UTC 2026","passed","Thu Jun 04 03:29:38 UTC 2026","","Go Test","github.com/specterops/bloodhound/cmd/api/src/api/v2/TestResources_GetAssetGroupTagSelectors","TestResources_GetAssetGroupTagSelectors"
"Test cases for TestChangeCache","2","TestChangeCache","","Thu Jun 04 03:29:40 UTC 2026","passed","Thu Jun 04 03:29:40 UTC 2026","","Go Test","github.com/specterops/bloodhound/cmd/api/src/daemons/changelog/TestChangeCache","TestChangeCache"
"","74","should should reflect the NOT checked state for public query","SavedQueryPermissions","Thu Jun 04 03:34:28 UTC 2026","passed","Thu Jun 04 03:34:28 UTC 2026","","","",""
"","32","renders highlight only for active selector when ruleId is present","SelectedHighlight","Thu Jun 04 03:35:16 UTC 2026","passed","Thu Jun 04 03:35:16 UTC 2026","","","",""
"","89","displays the value from filterParams.node_type","AssetGroupEdit","Thu Jun 04 03:32:58 UTC 2026","passed","Thu Jun 04 03:32:58 UTC 2026","","Node Type dropdown filter","",""
"Test cases for TestStringFromPtr","0","TestStringFromPtr","","Thu Jun 04 03:29:42 UTC 2026","passed","Thu Jun 04 03:29:42 UTC 2026","","Go Test","github.com/specterops/bloodhound/cmd/api/src/database/types/null/TestStringFromPtr","TestStringFromPtr"
"Test cases for TestResources_ListADCSEscalations","3","TestResources_ListADCSEscalations","","Thu Jun 04 03:29:38 UTC 2026","passed","Thu Jun 04 03:29:38 UTC 2026","","Go Test","github.com/specterops/bloodhound/cmd/api/src/api/v2/TestResources_ListADCSEscalations","TestResources_ListADCSEscalations"
"","5","uses sequentialLayout by default","Explore utils","Thu Jun 04 03:37:00 UTC 2026","passed","Thu Jun 04 03:37:00 UTC 2026","","initGraph","",""
"","0","reports a Cypher-specific error when ruleType is SeedTypeCypher and seeds are required","handleError","Thu Jun 04 03:32:20 UTC 2026","passed","Thu Jun 04 03:32:20 UTC 2026","","","",""
"Test cases for Test_PrimaryNodeKind","0","Test_PrimaryNodeKind","","Thu Jun 04 03:29:56 UTC 2026","passed","Thu Jun 04 03:29:56 UTC 2026","","Go Test","github.com/specterops/bloodhound/packages/go/graphschema/Test_PrimaryNodeKind","Test_PrimaryNodeKind"
"Test cases for TestResources_ListAuditLogs_InvalidPredicate","0","TestResources_ListAuditLogs_InvalidPredicate","","Thu Jun 04 03:29:38 UTC 2026","passed","Thu Jun 04 03:29:38 UTC 2026","","Go Test","github.com/specterops/bloodhound/cmd/api/src/api/v2/TestResources_ListAuditLogs_InvalidPredicate","TestResources_ListAuditLogs_InvalidPredicate"
"","66","returns when zone limit is reached","useTagLimits","Thu Jun 04 03:31:28 UTC 2026","passed","Thu Jun 04 03:31:28 UTC 2026","","","",""
"Test cases for TestManagementResource_ListAuthTokens_SortingError","0","TestManagementResource_ListAuthTokens_SortingError","","Thu Jun 04 03:30:05 UTC 2026","passed","Thu Jun 04 03:30:05 UTC 2026","","Go Test","github.com/specterops/bloodhound/cmd/api/src/api/v2/auth/TestManagementResource_ListAuthTokens_SortingError","TestManagementResource_ListAuthTokens_SortingError"
"","301","prevents a user from proceeding if the file is not valid","ImportQueryDialog","Thu Jun 04 03:36:04 UTC 2026","passed","Thu Jun 04 03:36:04 UTC 2026","","","",""
"Test cases for Test_cacheQueryResult","0","Test_cacheQueryResult","","Thu Jun 04 03:29:44 UTC 2026","passed","Thu Jun 04 03:29:44 UTC 2026","","Go Test","github.com/specterops/bloodhound/cmd/api/src/queries/Test_cacheQueryResult","Test_cacheQueryResult"
"","30","renders correctly when an unexpected nodeType is passed","NodeIcon","Thu Jun 04 03:35:30 UTC 2026","passed","Thu Jun 04 03:35:30 UTC 2026","","","",""
"","90","displays a warning when there is a problem fetching the list of collectors","DownloadCollectors","Thu Jun 04 03:36:58 UTC 2026","passed","Thu Jun 04 03:36:58 UTC 2026","","","",""
"Test cases for TestResources_UpdateAssetGroupTag","3","TestResources_UpdateAssetGroupTag","","Thu Jun 04 03:29:38 UTC 2026","passed","Thu Jun 04 03:29:38 UTC 2026","","Go Test","github.com/specterops/bloodhound/cmd/api/src/api/v2/TestResources_UpdateAssetGroupTag","TestResources_UpdateAssetGroupTag"
"","127","highlights the selectedLayout when isExploreLayoutSelected is true","GraphControls","Thu Jun 04 03:31:01 UTC 2026","passed","Thu Jun 04 03:31:01 UTC 2026","","Selecting a layout","",""
"Test cases for TestMarshalIntText","0","TestMarshalIntText","","Thu Jun 04 03:29:42 UTC 2026","passed","Thu Jun 04 03:29:42 UTC 2026","","Go Test","github.com/specterops/bloodhound/cmd/api/src/database/types/null/TestMarshalIntText","TestMarshalIntText"
"","56","renders three animated dots","ProcessingIndicator","Thu Jun 04 03:36:14 UTC 2026","passed","Thu Jun 04 03:36:14 UTC 2026","","","",""
"Test cases for TestIsValidClientVersion","0","TestIsValidClientVersion","","Thu Jun 04 03:29:50 UTC 2026","passed","Thu Jun 04 03:29:50 UTC 2026","","Go Test","github.com/specterops/bloodhound/cmd/api/src/utils/TestIsValidClientVersion","TestIsValidClientVersion"
"Test cases for TestResources_GetAssetGroupTags","6","TestResources_GetAssetGroupTags","","Thu Jun 04 03:29:38 UTC 2026","passed","Thu Jun 04 03:29:38 UTC 2026","","Go Test","github.com/specterops/bloodhound/cmd/api/src/api/v2/TestResources_GetAssetGroupTags","TestResources_GetAssetGroupTags"
"","73","should render when search string is at the beginning of the text","HighlightedText","Thu Jun 04 03:35:25 UTC 2026","passed","Thu Jun 04 03:35:25 UTC 2026","","","",""
"","0","The data is fetching","Getting the text for the disabled item display for a search when there are no results","Thu Jun 04 03:34:30 UTC 2026","passed","Thu Jun 04 03:34:30 UTC 2026","","Loading states","",""
"Test cases for TestGraphQuery_RawCypherQuery","12","TestGraphQuery_RawCypherQuery","","Thu Jun 04 03:29:44 UTC 2026","passed","Thu Jun 04 03:29:44 UTC 2026","","Go Test","github.com/specterops/bloodhound/cmd/api/src/queries/TestGraphQuery_RawCypherQuery","TestGraphQuery_RawCypherQuery"
"Test cases for TestURLJoinPathNoPrefix","0","TestURLJoinPathNoPrefix","","Thu Jun 04 03:29:28 UTC 2026","passed","Thu Jun 04 03:29:28 UTC 2026","","Go Test","github.com/specterops/bloodhound/cmd/api/src/api/TestURLJoinPathNoPrefix","TestURLJoinPathNoPrefix"
"","282","toggles sort order when clicking sortable header","ObjectsAccordion","Thu Jun 04 03:34:08 UTC 2026","passed","Thu Jun 04 03:34:08 UTC 2026","","","",""
"Test cases for TestStringValueOrZero","0","TestStringValueOrZero","","Thu Jun 04 03:29:42 UTC 2026","passed","Thu Jun 04 03:29:42 UTC 2026","","Go Test","github.com/specterops/bloodhound/cmd/api/src/database/types/null/TestStringValueOrZero","TestStringValueOrZero"
"","2544","resets skip to 0 when filters change so rows are visible on the new result set","FileIngestTable","Thu Jun 04 03:31:48 UTC 2026","passed","Thu Jun 04 03:31:50 UTC 2026","","pagination reset","",""
"","1277","should hide Environmental Targeted Access Control panel when showEnvironmentAccessControls prop is true and power user role is selected","UpdateUserForm","Thu Jun 04 03:30:52 UTC 2026","passed","Thu Jun 04 03:30:53 UTC 2026","","","",""
"Test cases for TestWriteResultRawJson","0","TestWriteResultRawJson","","Thu Jun 04 03:29:50 UTC 2026","passed","Thu Jun 04 03:29:50 UTC 2026","","Go Test","github.com/specterops/bloodhound/cmd/api/src/utils/TestWriteResultRawJson","TestWriteResultRawJson"
"","0","The user has yet to type into the search","Getting the text for the disabled item display for a search when there are no results","Thu Jun 04 03:34:30 UTC 2026","passed","Thu Jun 04 03:34:30 UTC 2026","","Empty data states","",""
"","240","displays 0 when a given sections returns empty, and sums the rest of the sections correctly","EntityInfoDataTable","Thu Jun 04 03:32:32 UTC 2026","passed","Thu Jun 04 03:32:33 UTC 2026","","Node count for nested table that counts all sections","",""
"Test cases for TestEncodingEquality","0","TestEncodingEquality","","Thu Jun 04 03:29:55 UTC 2026","passed","Thu Jun 04 03:29:55 UTC 2026","","Go Test","github.com/specterops/bloodhound/packages/go/bomenc/TestEncodingEquality","TestEncodingEquality"
"","487","Displays a modal after clicking Analyze Now button and run analysis after clicking confirm","AnalyzeNowConfiguration","Thu Jun 04 03:33:19 UTC 2026","passed","Thu Jun 04 03:33:19 UTC 2026","","","",""
"","742","filters by the selected status","FileIngestFilterDialog","Thu Jun 04 03:32:26 UTC 2026","passed","Thu Jun 04 03:32:27 UTC 2026","","Status Select","",""
"","5333","edges are displayed in alphabetical order","Pathfinding","Thu Jun 04 03:32:18 UTC 2026","passed","Thu Jun 04 03:32:23 UTC 2026","","","",""
"Test cases for Test_UseHooks","0","Test_UseHooks","","Thu Jun 04 03:29:57 UTC 2026","passed","Thu Jun 04 03:29:57 UTC 2026","","Go Test","github.com/specterops/bloodhound/packages/go/lab/Test_UseHooks","Test_UseHooks"
"","4","shows the collection methods for the given job","toCollected","Thu Jun 04 03:35:46 UTC 2026","passed","Thu Jun 04 03:35:46 UTC 2026","","","",""
"","90","disables delete button for user without correct permissions","ActiveExtensionsCard","Thu Jun 04 03:31:13 UTC 2026","passed","Thu Jun 04 03:31:13 UTC 2026","","","",""
"","180","renders enabled Zone and Rule tabs and disabled Object tab","Selected Details Tabs","Thu Jun 04 03:33:25 UTC 2026","passed","Thu Jun 04 03:33:25 UTC 2026","","Selected Details Tabs - Params present","",""
"","92","renders a dash when actor is BloodHoundString","NoteCell component","Thu Jun 04 03:34:47 UTC 2026","passed","Thu Jun 04 03:34:47 UTC 2026","","","",""
"","183","renders enabled Zone tab and disabled Rule and Object tabs","Selected Details Tabs","Thu Jun 04 03:33:24 UTC 2026","passed","Thu Jun 04 03:33:25 UTC 2026","","Selected Details Tabs - Params present","",""
"Test cases for TestManagementResource_ListRoles_Filtered","1","TestManagementResource_ListRoles_Filtered","","Thu Jun 04 03:29:45 UTC 2026","passed","Thu Jun 04 03:29:45 UTC 2026","","Go Test","github.com/specterops/bloodhound/cmd/api/src/api/v2/auth/TestManagementResource_ListRoles_Filtered","TestManagementResource_ListRoles_Filtered"
"","47","does not set input text if no value is given","ManagedDatePicker - value","Thu Jun 04 03:33:53 UTC 2026","passed","Thu Jun 04 03:33:53 UTC 2026","","","",""
"","22","should display hidden label for hidden edge","EdgeInfoHeader","Thu Jun 04 03:34:42 UTC 2026","passed","Thu Jun 04 03:34:42 UTC 2026","","","",""
"","10","does not return when label limit is not reached","useTagLimits","Thu Jun 04 03:31:28 UTC 2026","passed","Thu Jun 04 03:31:28 UTC 2026","","","",""
"","0","should exclude operations within a tag when only the path matches but not all paths","opsFilter","Thu Jun 04 03:35:07 UTC 2026","passed","Thu Jun 04 03:35:07 UTC 2026","","","",""
"Test cases for TestLoginExpiry","0","TestLoginExpiry","","Thu Jun 04 03:30:14 UTC 2026","passed","Thu Jun 04 03:30:14 UTC 2026","","Go Test","github.com/specterops/bloodhound/cmd/api/src/api/v2/auth/TestLoginExpiry","TestLoginExpiry"
"","23","should display a none selected header and a message to select an object","EntityInfoPanel","Thu Jun 04 03:35:11 UTC 2026","passed","Thu Jun 04 03:35:11 UTC 2026","","","",""
"","461","should render an SavedQueryPermissions component","SavedQueryPermissions","Thu Jun 04 03:34:28 UTC 2026","passed","Thu Jun 04 03:34:28 UTC 2026","","","",""
"Test cases for TestInt64Equal","0","TestInt64Equal","","Thu Jun 04 03:29:42 UTC 2026","passed","Thu Jun 04 03:29:42 UTC 2026","","Go Test","github.com/specterops/bloodhound/cmd/api/src/database/types/null/TestInt64Equal","TestInt64Equal"
"Test cases for TestOpenGraphSchemaService_ListExtensions","1","TestOpenGraphSchemaService_ListExtensions","","Thu Jun 04 03:29:47 UTC 2026","passed","Thu Jun 04 03:29:47 UTC 2026","","Go Test","github.com/specterops/bloodhound/cmd/api/src/services/opengraphschema/TestOpenGraphSchemaService_ListExtensions","TestOpenGraphSchemaService_ListExtensions"
"","226","fires runQuery in context provider","ListItemActionMenu","Thu Jun 04 03:34:37 UTC 2026","passed","Thu Jun 04 03:34:37 UTC 2026","","","",""
"","113","shows the Automatic Certification label and the zone-level disabled message","BasicInfo","Thu Jun 04 03:33:34 UTC 2026","passed","Thu Jun 04 03:33:34 UTC 2026","","when isCertificationDisabledOnZoneLevel is false","",""
"","0","returns false if arrays have different elements","areArraysSimilar","Thu Jun 04 03:35:49 UTC 2026","passed","Thu Jun 04 03:35:49 UTC 2026","","","",""
"","472","should display a ""Change Password"" modal","UserProfile","Thu Jun 04 03:33:13 UTC 2026","passed","Thu Jun 04 03:33:13 UTC 2026","","""Reset Password"" button is clicked","",""
"Test cases for TestCacheEntryDigester_DigestEndpoint_JSONMarshalError","0","TestCacheEntryDigester_DigestEndpoint_JSONMarshalError","","Thu Jun 04 03:29:46 UTC 2026","passed","Thu Jun 04 03:29:46 UTC 2026","","Go Test","github.com/specterops/bloodhound/cmd/api/src/services/graphify/endpoint/TestCacheEntryDigester_DigestEndpoint_JSONMarshalError","TestCacheEntryDigester_DigestEndpoint_JSONMarshalError"
"","11","should not render when data is present","NoDataDialog","Thu Jun 04 03:36:10 UTC 2026","passed","Thu Jun 04 03:36:10 UTC 2026","","","",""
"","1","prevents MouseCoords events","preventAllDefaults","Thu Jun 04 03:37:27 UTC 2026","passed","Thu Jun 04 03:37:27 UTC 2026","","","",""
"","765","dispatches an action to add the associated node","Rule Object Select","Thu Jun 04 03:34:47 UTC 2026","passed","Thu Jun 04 03:34:48 UTC 2026","","","",""
"Test cases for TestResources_CreateAssetGroup","0","TestResources_CreateAssetGroup","","Thu Jun 04 03:29:38 UTC 2026","passed","Thu Jun 04 03:29:38 UTC 2026","","Go Test","github.com/specterops/bloodhound/cmd/api/src/api/v2/TestResources_CreateAssetGroup","TestResources_CreateAssetGroup"
"","518","should call onSubmit with one time passcode when check code button clicked","OneTimePasscodeForm","Thu Jun 04 03:35:20 UTC 2026","passed","Thu Jun 04 03:35:21 UTC 2026","","","",""
"Test cases for TestManagementResource_GetSelf","1","TestManagementResource_GetSelf","","Thu Jun 04 03:30:01 UTC 2026","passed","Thu Jun 04 03:30:01 UTC 2026","","Go Test","github.com/specterops/bloodhound/cmd/api/src/api/v2/auth/TestManagementResource_GetSelf","TestManagementResource_GetSelf"
"","15","uses the discardQueryParams prop to discard all query params on the redirect","AppNavigate","Thu Jun 04 03:34:54 UTC 2026","passed","Thu Jun 04 03:34:54 UTC 2026","","","",""
"","141","Searching for existing node type returns node properties","useFetchEntityInfo","Thu Jun 04 03:33:46 UTC 2026","passed","Thu Jun 04 03:33:46 UTC 2026","","","",""
"","488","clears the applied filter","FileIngestFilterDialog","Thu Jun 04 03:32:30 UTC 2026","passed","Thu Jun 04 03:32:30 UTC 2026","","User Select","",""
"","1","returns name uniqueness message for ""name must be unique""","getErrorMessage","Thu Jun 04 03:32:20 UTC 2026","passed","Thu Jun 04 03:32:20 UTC 2026","","","",""
"Test cases for TestExtractIngestFilesExpandsZIPIntoTempDirectory","3","TestExtractIngestFilesExpandsZIPIntoTempDirectory","","Thu Jun 04 03:29:46 UTC 2026","passed","Thu Jun 04 03:29:46 UTC 2026","","Go Test","github.com/specterops/bloodhound/cmd/api/src/services/graphify/TestExtractIngestFilesExpandsZIPIntoTempDirectory","TestExtractIngestFilesExpandsZIPIntoTempDirectory"
"","97","disables the user actions menu for a user with the auditor role","User Actions Menu","Thu Jun 04 03:33:43 UTC 2026","passed","Thu Jun 04 03:33:43 UTC 2026","","Button Menu State","",""
"Test cases for TestNewNodeNamePrefix","0","TestNewNodeNamePrefix","","Thu Jun 04 03:29:55 UTC 2026","passed","Thu Jun 04 03:29:55 UTC 2026","","Go Test","github.com/specterops/bloodhound/packages/go/analysis/ad/wellknown/TestNewNodeNamePrefix","TestNewNodeNamePrefix"
"","240","renders the QuerySearchFilter component","QuerySearchFilter","Thu Jun 04 03:34:14 UTC 2026","passed","Thu Jun 04 03:34:14 UTC 2026","","","",""
"","410","accepts a valid file and allows the user to continue through the upload process","File Upload","Thu Jun 04 03:33:34 UTC 2026","passed","Thu Jun 04 03:33:34 UTC 2026","","","",""
"","11","function should return 1 when first param is larger, no matter the data type","Compare function for explore table sort","Thu Jun 04 03:34:01 UTC 2026","passed","Thu Jun 04 03:34:01 UTC 2026","","","",""
"","35","renders the tooltip icon when tooltipText prop is passed","ColumnHeaders","Thu Jun 04 03:33:54 UTC 2026","passed","Thu Jun 04 03:33:54 UTC 2026","","SortableHeader with Tooltip","",""
"Test cases for TestDefineSID","0","TestDefineSID","","Thu Jun 04 03:29:55 UTC 2026","passed","Thu Jun 04 03:29:55 UTC 2026","","Go Test","github.com/specterops/bloodhound/packages/go/analysis/ad/wellknown/TestDefineSID","TestDefineSID"
"Test cases for TestWriteResponseWrapperWithPagination","0","TestWriteResponseWrapperWithPagination","","Thu Jun 04 03:29:28 UTC 2026","passed","Thu Jun 04 03:29:28 UTC 2026","","Go Test","github.com/specterops/bloodhound/cmd/api/src/api/TestWriteResponseWrapperWithPagination","TestWriteResponseWrapperWithPagination"
"","1956","enables the user actions menu when the user is admin role","Users","Thu Jun 04 03:32:17 UTC 2026","passed","Thu Jun 04 03:32:19 UTC 2026","","","",""
"Test cases for TestError","0","TestError","","Thu Jun 04 03:29:28 UTC 2026","passed","Thu Jun 04 03:29:28 UTC 2026","","Go Test","github.com/specterops/bloodhound/cmd/api/src/api/TestError","TestError"
"","390","toggles parent from some to all","GraphDataCheckboxes","Thu Jun 04 03:32:09 UTC 2026","passed","Thu Jun 04 03:32:10 UTC 2026","","","",""
"","0","returns true if arrays have same content in different order","areArraysSimilar","Thu Jun 04 03:35:49 UTC 2026","passed","Thu Jun 04 03:35:49 UTC 2026","","","",""
"","0","should compute the length of a line segment","bezier","Thu Jun 04 03:37:02 UTC 2026","passed","Thu Jun 04 03:37:02 UTC 2026","","","",""
"Test cases for TestResources_UpdateCustomNodeKindsTest","111","TestResources_UpdateCustomNodeKindsTest","","Thu Jun 04 03:29:38 UTC 2026","passed","Thu Jun 04 03:29:39 UTC 2026","","Go Test","github.com/specterops/bloodhound/cmd/api/src/api/v2/TestResources_UpdateCustomNodeKindsTest","TestResources_UpdateCustomNodeKindsTest"
"Test cases for TestMatches_Success","0","TestMatches_Success","","Thu Jun 04 03:29:43 UTC 2026","passed","Thu Jun 04 03:29:43 UTC 2026","","Go Test","github.com/specterops/bloodhound/cmd/api/src/model/TestMatches_Success","TestMatches_Success"
"","42","upon selecting just a destination node, updates the URL with a searchType of 'node' and secondarySearch of the node's objectid","usePathfindingSearch","Thu Jun 04 03:33:38 UTC 2026","passed","Thu Jun 04 03:33:38 UTC 2026","","","",""
"","238","calls setExploreParams with searchType and relationshipQueryItemId when selecting a composition accordion","EdgeInfoContent","Thu Jun 04 03:31:12 UTC 2026","passed","Thu Jun 04 03:31:12 UTC 2026","","EdgeInfoContent support for Deep Linking","",""
"","205","renders with the Export and Delete buttons disabled","QuerySearchFilter","Thu Jun 04 03:34:15 UTC 2026","passed","Thu Jun 04 03:34:15 UTC 2026","","","",""
"","307","auto-selects when a search result has a matching objectId","GraphView","Thu Jun 04 03:36:41 UTC 2026","passed","Thu Jun 04 03:36:41 UTC 2026","","","",""
"Test cases for TestBoolFromPtr","0","TestBoolFromPtr","","Thu Jun 04 03:29:42 UTC 2026","passed","Thu Jun 04 03:29:42 UTC 2026","","Go Test","github.com/specterops/bloodhound/cmd/api/src/database/types/null/TestBoolFromPtr","TestBoolFromPtr"
"","0","returns the distance between two coordinates","getDistanceBetween","Thu Jun 04 03:37:23 UTC 2026","passed","Thu Jun 04 03:37:23 UTC 2026","","","",""
"Test cases for TestLoginSuccess","0","TestLoginSuccess","","Thu Jun 04 03:29:39 UTC 2026","passed","Thu Jun 04 03:29:39 UTC 2026","","Go Test","github.com/specterops/bloodhound/cmd/api/src/api/v2/auth/TestLoginSuccess","TestLoginSuccess"
"","2246","executes a pathfinding search when both a source and destination node are provided","Pathfinding: interaction","Thu Jun 04 03:33:29 UTC 2026","passed","Thu Jun 04 03:33:32 UTC 2026","","","",""
"Test cases for TestManagementResource_UpdateOIDCProvider","0","TestManagementResource_UpdateOIDCProvider","","Thu Jun 04 03:30:14 UTC 2026","passed","Thu Jun 04 03:30:14 UTC 2026","","Go Test","github.com/specterops/bloodhound/cmd/api/src/api/v2/auth/TestManagementResource_UpdateOIDCProvider","TestManagementResource_UpdateOIDCProvider"
"Test cases for TestResources_ListADComputerRDPUsers","2","TestResources_ListADComputerRDPUsers","","Thu Jun 04 03:29:38 UTC 2026","passed","Thu Jun 04 03:29:38 UTC 2026","","Go Test","github.com/specterops/bloodhound/cmd/api/src/api/v2/TestResources_ListADComputerRDPUsers","TestResources_ListADComputerRDPUsers"
"","66","populates the node search field when the 'primarySearch' query param is set","useNodeSearch","Thu Jun 04 03:35:14 UTC 2026","passed","Thu Jun 04 03:35:14 UTC 2026","","","",""
"Test cases for TestTypes_Scan_InvalidInput","0","TestTypes_Scan_InvalidInput","","Thu Jun 04 03:29:42 UTC 2026","passed","Thu Jun 04 03:29:42 UTC 2026","","Go Test","github.com/specterops/bloodhound/cmd/api/src/database/types/TestTypes_Scan_InvalidInput","TestTypes_Scan_InvalidInput"
"Test cases for TestRewriter_Enter_AllAttackPathsShortcut_ReplacesKinds","0","TestRewriter_Enter_AllAttackPathsShortcut_ReplacesKinds","","Thu Jun 04 03:29:44 UTC 2026","passed","Thu Jun 04 03:29:44 UTC 2026","","Go Test","github.com/specterops/bloodhound/cmd/api/src/queries/TestRewriter_Enter_AllAttackPathsShortcut_ReplacesKinds","TestRewriter_Enter_AllAttackPathsShortcut_ReplacesKinds"
"","0","should return an empty map when no tags or paths match","opsFilter","Thu Jun 04 03:35:07 UTC 2026","passed","Thu Jun 04 03:35:07 UTC 2026","","","",""
"Test cases for TestCreateUser_Failure","3","TestCreateUser_Failure","","Thu Jun 04 03:29:45 UTC 2026","passed","Thu Jun 04 03:29:45 UTC 2026","","Go Test","github.com/specterops/bloodhound/cmd/api/src/api/v2/auth/TestCreateUser_Failure","TestCreateUser_Failure"
"","1","should compute offset vertices for bezier curves at a given intersection","bezier","Thu Jun 04 03:37:02 UTC 2026","passed","Thu Jun 04 03:37:02 UTC 2026","","","",""
"Test cases for TestOpenGraphSchemaService_DeleteExtension","1","TestOpenGraphSchemaService_DeleteExtension","","Thu Jun 04 03:29:47 UTC 2026","passed","Thu Jun 04 03:29:47 UTC 2026","","Go Test","github.com/specterops/bloodhound/cmd/api/src/services/opengraphschema/TestOpenGraphSchemaService_DeleteExtension","TestOpenGraphSchemaService_DeleteExtension"
"","62","Validate Displays all the Roles","useListDisplayRoles","Thu Jun 04 03:32:34 UTC 2026","passed","Thu Jun 04 03:32:34 UTC 2026","","","",""
"Test cases for TestGetSkipParamForGraphQuery","0","TestGetSkipParamForGraphQuery","","Thu Jun 04 03:29:50 UTC 2026","passed","Thu Jun 04 03:29:50 UTC 2026","","Go Test","github.com/specterops/bloodhound/cmd/api/src/utils/TestGetSkipParamForGraphQuery","TestGetSkipParamForGraphQuery"
"","678","app does not crash if ""token"" cookie exists and ""persistedState"" localstorage key does not exist","redux store","Thu Jun 04 03:37:16 UTC 2026","passed","Thu Jun 04 03:37:17 UTC 2026","","","",""
"","16","when password is expired and not on password reset page, redirects to password reset page","AuthenticatedRoute","Thu Jun 04 03:37:08 UTC 2026","passed","Thu Jun 04 03:37:08 UTC 2026","","","",""
"","912","should render a create user form","CreateUserDialog","Thu Jun 04 03:31:35 UTC 2026","passed","Thu Jun 04 03:31:36 UTC 2026","","","",""
"","264","clears value if input is empty","ManagedDatePicker - input","Thu Jun 04 03:33:54 UTC 2026","passed","Thu Jun 04 03:33:54 UTC 2026","","","",""
"Test cases for TestReadDomainIDandNameAsString","0","TestReadDomainIDandNameAsString","","Thu Jun 04 03:29:55 UTC 2026","passed","Thu Jun 04 03:29:55 UTC 2026","","Go Test","github.com/specterops/bloodhound/packages/go/analysis/ad/internal/nodeprops/TestReadDomainIDandNameAsString","TestReadDomainIDandNameAsString"
"","98","Calls the `Base` endpoint for a LocalUser type node","EntityObjectInformation","Thu Jun 04 03:33:49 UTC 2026","passed","Thu Jun 04 03:33:49 UTC 2026","","","",""
"","503","renders no asset group edit options without graph write permissions","ContextMenu","Thu Jun 04 03:36:56 UTC 2026","passed","Thu Jun 04 03:36:57 UTC 2026","","","",""
"","1","should handle an undefined or null entity","Evaluating the entity display name from a given entity","Thu Jun 04 03:32:53 UTC 2026","passed","Thu Jun 04 03:32:53 UTC 2026","","","",""
"Test cases for TestTextUnmarshalInt64","0","TestTextUnmarshalInt64","","Thu Jun 04 03:29:42 UTC 2026","passed","Thu Jun 04 03:29:42 UTC 2026","","Go Test","github.com/specterops/bloodhound/cmd/api/src/database/types/null/TestTextUnmarshalInt64","TestTextUnmarshalInt64"
"","0","fails for empty password","testPassword","Thu Jun 04 03:36:11 UTC 2026","passed","Thu Jun 04 03:36:11 UTC 2026","","","",""
"","11","displays lastlogontimestamp cell as UNKNOWN when the value is 0","ExploreTableDataCell","Thu Jun 04 03:35:29 UTC 2026","passed","Thu Jun 04 03:35:29 UTC 2026","","","",""
"","0","reports an Object ID-specific error when creating a rule and ruleType is SeedTypeObjectId and seeds are required","handleError","Thu Jun 04 03:32:20 UTC 2026","passed","Thu Jun 04 03:32:20 UTC 2026","","","",""
"","841","calls onSave when valid form inputs are provided","PasswordDialog","Thu Jun 04 03:31:29 UTC 2026","passed","Thu Jun 04 03:31:30 UTC 2026","","","",""
"","1","EXTENDED ROUNDING when thresholds are set: does not abbreviate numbers < 10000","numberFormatting","Thu Jun 04 03:33:58 UTC 2026","passed","Thu Jun 04 03:33:58 UTC 2026","","","",""
"Test cases for TestResources_DeleteSavedQuery_NotAUserAuth","0","TestResources_DeleteSavedQuery_NotAUserAuth","","Thu Jun 04 03:29:39 UTC 2026","passed","Thu Jun 04 03:29:39 UTC 2026","","Go Test","github.com/specterops/bloodhound/cmd/api/src/api/v2/TestResources_DeleteSavedQuery_NotAUserAuth","TestResources_DeleteSavedQuery_NotAUserAuth"
"","10","constructs correct URLSearchParams with all filters","createHistoryParams","Thu Jun 04 03:35:14 UTC 2026","passed","Thu Jun 04 03:35:14 UTC 2026","","","",""
"","150","shows a table with finished jobs","FileIngestTable","Thu Jun 04 03:31:47 UTC 2026","passed","Thu Jun 04 03:31:47 UTC 2026","","","",""
"","5833","calls onExploreMenuCollapse again when user reopens widget and runs another multi-node query","CypherSearch","Thu Jun 04 03:31:56 UTC 2026","passed","Thu Jun 04 03:32:02 UTC 2026","","Minimize explorer page elements when multiple nodes are returned","",""
"","107","renders count for a selected zone if prop is set","DynamicDetails","Thu Jun 04 03:33:16 UTC 2026","passed","Thu Jun 04 03:33:16 UTC 2026","","","",""
"Test cases for TestManagementResource_ServeMetadata","8","TestManagementResource_ServeMetadata","","Thu Jun 04 03:30:14 UTC 2026","passed","Thu Jun 04 03:30:14 UTC 2026","","Go Test","github.com/specterops/bloodhound/cmd/api/src/api/v2/auth/TestManagementResource_ServeMetadata","TestManagementResource_ServeMetadata"
"","145","renders the form for editing an existing label","Tag Form","Thu Jun 04 03:30:41 UTC 2026","passed","Thu Jun 04 03:30:42 UTC 2026","","","",""
"","0","EXTENDED ROUNDING when thresholds are set: abbreviates numbers larger than 1000 and should not round the tenth place digit","numberFormatting","Thu Jun 04 03:33:58 UTC 2026","passed","Thu Jun 04 03:33:58 UTC 2026","","","",""
"Test cases for TestPredefinedSIDSuffixes","0","TestPredefinedSIDSuffixes","","Thu Jun 04 03:29:55 UTC 2026","passed","Thu Jun 04 03:29:55 UTC 2026","","Go Test","github.com/specterops/bloodhound/packages/go/analysis/ad/wellknown/TestPredefinedSIDSuffixes","TestPredefinedSIDSuffixes"
"","106","calls getAssetGroupTags for topTagId","DetailsRoot","Thu Jun 04 03:36:17 UTC 2026","passed","Thu Jun 04 03:36:17 UTC 2026","","","",""
"","0","escapes backslashes before quotes so they do not combine","escapeCypherString","Thu Jun 04 03:36:05 UTC 2026","passed","Thu Jun 04 03:36:05 UTC 2026","","","",""
"","113","defaults to wrapped and removes .wrapped class when unwrap btn is clicked","CodeController","Thu Jun 04 03:35:55 UTC 2026","passed","Thu Jun 04 03:35:55 UTC 2026","","","",""
"Test cases for TestResources_UpdateSavedQuery_AdminPublicQuery_Success","0","TestResources_UpdateSavedQuery_AdminPublicQuery_Success","","Thu Jun 04 03:29:39 UTC 2026","passed","Thu Jun 04 03:29:39 UTC 2026","","Go Test","github.com/specterops/bloodhound/cmd/api/src/api/v2/TestResources_UpdateSavedQuery_AdminPublicQuery_Success","TestResources_UpdateSavedQuery_AdminPublicQuery_Success"
"Test cases for TestManagementResource_SSOCallbackHandler","4","TestManagementResource_SSOCallbackHandler","","Thu Jun 04 03:30:14 UTC 2026","passed","Thu Jun 04 03:30:14 UTC 2026","","Go Test","github.com/specterops/bloodhound/cmd/api/src/api/v2/auth/TestManagementResource_SSOCallbackHandler","TestManagementResource_SSOCallbackHandler"
"","14","renders an error fallback when flag is not found","FeatureFlag","Thu Jun 04 03:35:06 UTC 2026","passed","Thu Jun 04 03:35:06 UTC 2026","","","",""
"TestManifest_AddMigration tests that migrations are added to the correct locationwithin the migration map and in the correct order.","1","TestManifest_AddMigration","","Thu Jun 04 03:29:41 UTC 2026","passed","Thu Jun 04 03:29:41 UTC 2026","","Go Test","github.com/specterops/bloodhound/cmd/api/src/database/migration/TestManifest_AddMigration","TestManifest_AddMigration"
"","393","should render","PasswordResetForm","Thu Jun 04 03:33:38 UTC 2026","passed","Thu Jun 04 03:33:39 UTC 2026","","","",""
"Test cases for TestBuildErrorResponseInternalServerError","3","TestBuildErrorResponseInternalServerError","","Thu Jun 04 03:29:28 UTC 2026","passed","Thu Jun 04 03:29:28 UTC 2026","","Go Test","github.com/specterops/bloodhound/cmd/api/src/api/TestBuildErrorResponseInternalServerError","TestBuildErrorResponseInternalServerError"
"","1468","when user performs a single node search, the selected node carries over to the `start node` input field on the pathfinding tab","ExploreSearch interaction","Thu Jun 04 03:36:49 UTC 2026","passed","Thu Jun 04 03:36:51 UTC 2026","","","",""
"Test cases for TestFloatValueOrZero","0","TestFloatValueOrZero","","Thu Jun 04 03:29:42 UTC 2026","passed","Thu Jun 04 03:29:42 UTC 2026","","Go Test","github.com/specterops/bloodhound/cmd/api/src/database/types/null/TestFloatValueOrZero","TestFloatValueOrZero"
"","15","renders the ZoneSelector when available and on a Zone page","TagSelector","Thu Jun 04 03:34:20 UTC 2026","passed","Thu Jun 04 03:34:20 UTC 2026","","","",""
"","1128","clicking checkbox will remove error if present","DatabaseManagement","Thu Jun 04 03:36:40 UTC 2026","passed","Thu Jun 04 03:36:41 UTC 2026","","","",""
"","63","excludes API edges that are associated with one of our built-in schema types","useEdgeCategories","Thu Jun 04 03:33:04 UTC 2026","passed","Thu Jun 04 03:33:04 UTC 2026","","","",""
"","230","opens and closes the dialog with the cancel button","Tag Form","Thu Jun 04 03:30:45 UTC 2026","passed","Thu Jun 04 03:30:45 UTC 2026","","","",""
"","223","renders the component with all info and switch off","CitrixRDPConfiguration","Thu Jun 04 03:33:05 UTC 2026","passed","Thu Jun 04 03:33:05 UTC 2026","","Initial render","",""
"Test cases for TestResources_ListADGroupSessions","0","TestResources_ListADGroupSessions","","Thu Jun 04 03:29:38 UTC 2026","passed","Thu Jun 04 03:29:38 UTC 2026","","Go Test","github.com/specterops/bloodhound/cmd/api/src/api/v2/TestResources_ListADGroupSessions","TestResources_ListADGroupSessions"
"","482","On unsuccessful upload, notifies with an error and displays a retry button","SchemaUploadDialog","Thu Jun 04 03:32:18 UTC 2026","passed","Thu Jun 04 03:32:19 UTC 2026","","","",""
"","382","disables checkboxes by default","GraphDataCheckboxes","Thu Jun 04 03:32:06 UTC 2026","passed","Thu Jun 04 03:32:07 UTC 2026","","","",""
"Test cases for TestResources_ListADEntityAdminRights","0","TestResources_ListADEntityAdminRights","","Thu Jun 04 03:29:38 UTC 2026","passed","Thu Jun 04 03:29:38 UTC 2026","","Go Test","github.com/specterops/bloodhound/cmd/api/src/api/v2/TestResources_ListADEntityAdminRights","TestResources_ListADEntityAdminRights"
"","311","displays a polite message when there are no user updatable features available","EarlyAccessFeatures","Thu Jun 04 03:37:07 UTC 2026","passed","Thu Jun 04 03:37:07 UTC 2026","","","",""
"","28","sets autoDisplayTable to false if query returns nodes only but the enabled prop is false","useExploreTableAutoDisplay","Thu Jun 04 03:35:02 UTC 2026","passed","Thu Jun 04 03:35:02 UTC 2026","","","",""
"","348","navigates to rule details when clicking a rule row","RulesAccordion","Thu Jun 04 03:34:07 UTC 2026","passed","Thu Jun 04 03:34:07 UTC 2026","","","",""
"","67","populates the source and destination node fields when query params are passed","usePathfindingSearch","Thu Jun 04 03:33:38 UTC 2026","passed","Thu Jun 04 03:33:38 UTC 2026","","","",""
"","10","does not render when selector data is not defined","Delete Selector Button rendering","Thu Jun 04 03:35:51 UTC 2026","passed","Thu Jun 04 03:35:51 UTC 2026","","","",""
"","65","enables pulling an ordered list of tags by position ascending","the useAssetGroupTags utilities","Thu Jun 04 03:32:42 UTC 2026","passed","Thu Jun 04 03:32:42 UTC 2026","","","",""
"","3145","when user performs a pathfinding search, the swap button is disabled until both the start and destination nodes are provided","Pathfinding: interaction","Thu Jun 04 03:33:23 UTC 2026","passed","Thu Jun 04 03:33:26 UTC 2026","","","",""
"","10","takes a string and copys to the navigator clipboard","copyToClipboard","Thu Jun 04 03:36:21 UTC 2026","passed","Thu Jun 04 03:36:21 UTC 2026","","","",""
"Test cases for TestResources_ImportSavedQuery","33","TestResources_ImportSavedQuery","","Thu Jun 04 03:29:39 UTC 2026","passed","Thu Jun 04 03:29:39 UTC 2026","","Go Test","github.com/specterops/bloodhound/cmd/api/src/api/v2/TestResources_ImportSavedQuery","TestResources_ImportSavedQuery"
"","4408","Sort arrow is visible and direction is correct","ExploreTable","Thu Jun 04 03:30:59 UTC 2026","passed","Thu Jun 04 03:31:03 UTC 2026","","","",""
"","0","prefixes each node_kind with a colon for labels","graphSchema","Thu Jun 04 03:35:39 UTC 2026","passed","Thu Jun 04 03:35:39 UTC 2026","","","",""
"","3","stores an object value in localStorage","useLocalStorage","Thu Jun 04 03:33:18 UTC 2026","passed","Thu Jun 04 03:33:18 UTC 2026","","setValue","",""
"","66","should hide Environmental Targeted Access Control panel when showEnvironmentAccessControls prop is false","UpdateUserForm","Thu Jun 04 03:30:54 UTC 2026","passed","Thu Jun 04 03:30:54 UTC 2026","","","",""
"","0","returns null if paramValue is ''","useEnvironmentParams","Thu Jun 04 03:36:11 UTC 2026","passed","Thu Jun 04 03:36:11 UTC 2026","","parseEnvironmentAggregation","",""
"Test cases for TestResources_DeleteSavedQuery","0","TestResources_DeleteSavedQuery","","Thu Jun 04 03:29:39 UTC 2026","passed","Thu Jun 04 03:29:39 UTC 2026","","Go Test","github.com/specterops/bloodhound/cmd/api/src/api/v2/TestResources_DeleteSavedQuery","TestResources_DeleteSavedQuery"
"Test cases for TestManagementResource_ListRoles_InvalidColumn","0","TestManagementResource_ListRoles_InvalidColumn","","Thu Jun 04 03:29:45 UTC 2026","passed","Thu Jun 04 03:29:45 UTC 2026","","Go Test","github.com/specterops/bloodhound/cmd/api/src/api/v2/auth/TestManagementResource_ListRoles_InvalidColumn","TestManagementResource_ListRoles_InvalidColumn"
"Test cases for TestManagementResource_ListAuthTokens_InvalidColumn","0","TestManagementResource_ListAuthTokens_InvalidColumn","","Thu Jun 04 03:30:05 UTC 2026","passed","Thu Jun 04 03:30:05 UTC 2026","","Go Test","github.com/specterops/bloodhound/cmd/api/src/api/v2/auth/TestManagementResource_ListAuthTokens_InvalidColumn","TestManagementResource_ListAuthTokens_InvalidColumn"
"","2500","""Columns"" button allows user to edit column settings","ExploreTable","Thu Jun 04 03:30:36 UTC 2026","passed","Thu Jun 04 03:30:39 UTC 2026","","","",""
"","35","displays lastlogon cell as UNKNOWN when the value is 0","ExploreTableDataCell","Thu Jun 04 03:35:29 UTC 2026","passed","Thu Jun 04 03:35:29 UTC 2026","","","",""
"Test cases for TestResources_UpdateSavedQuery_InvalidID","0","TestResources_UpdateSavedQuery_InvalidID","","Thu Jun 04 03:29:39 UTC 2026","passed","Thu Jun 04 03:29:39 UTC 2026","","Go Test","github.com/specterops/bloodhound/cmd/api/src/api/v2/TestResources_UpdateSavedQuery_InvalidID","TestResources_UpdateSavedQuery_InvalidID"
"Test cases for TestManagementResource_EnableUserSAML","2","TestManagementResource_EnableUserSAML","","Thu Jun 04 03:29:45 UTC 2026","passed","Thu Jun 04 03:29:45 UTC 2026","","Go Test","github.com/specterops/bloodhound/cmd/api/src/api/v2/auth/TestManagementResource_EnableUserSAML","TestManagementResource_EnableUserSAML"
"Test cases for TestRequestWaitDuration","0","TestRequestWaitDuration","","Thu Jun 04 03:29:32 UTC 2026","passed","Thu Jun 04 03:29:32 UTC 2026","","Go Test","github.com/specterops/bloodhound/cmd/api/src/api/middleware/TestRequestWaitDuration","TestRequestWaitDuration"
"","0","passes ruleType through optionalParams with empty object","handleError","Thu Jun 04 03:32:20 UTC 2026","passed","Thu Jun 04 03:32:20 UTC 2026","","","",""
"","88","displays the value thats passed via children","CodeController","Thu Jun 04 03:35:55 UTC 2026","passed","Thu Jun 04 03:35:55 UTC 2026","","","",""
"","27","should display a badge when role based filtering is true and show filter banner is true","EntityInfoPanel","Thu Jun 04 03:35:11 UTC 2026","passed","Thu Jun 04 03:35:11 UTC 2026","","","",""
"","2","returns undefined for headers when db config timeout limit setting is enabled and state of is disable query limit is true","useExploreGraph","Thu Jun 04 03:32:07 UTC 2026","passed","Thu Jun 04 03:32:07 UTC 2026","userSettings","exploreGraphQueryFactory","",""
"","458","calls setFilters when the Confirm button is clicked","Privilege Zones History Filter Dialog","Thu Jun 04 03:33:29 UTC 2026","passed","Thu Jun 04 03:33:30 UTC 2026","","","",""
"Test cases for TestResources_ListKinds","115","TestResources_ListKinds","","Thu Jun 04 03:29:39 UTC 2026","passed","Thu Jun 04 03:29:39 UTC 2026","","Go Test","github.com/specterops/bloodhound/cmd/api/src/api/v2/TestResources_ListKinds","TestResources_ListKinds"
"","1","EXTENDED ROUNDING when thresholds are set: returns a comma separated number when provided with a number > 999","numberFormatting","Thu Jun 04 03:33:58 UTC 2026","passed","Thu Jun 04 03:33:58 UTC 2026","","","",""
"","0","returns true if both arrays are empty","areArraysSimilar","Thu Jun 04 03:35:49 UTC 2026","passed","Thu Jun 04 03:35:49 UTC 2026","","","",""
"","0","filters by multiple risk levels","filterAndSearchEnvironments","Thu Jun 04 03:31:05 UTC 2026","passed","Thu Jun 04 03:31:05 UTC 2026","","risk filters","",""
"Test cases for TestNodeNamePrefix_String","0","TestNodeNamePrefix_String","","Thu Jun 04 03:29:55 UTC 2026","passed","Thu Jun 04 03:29:55 UTC 2026","","Go Test","github.com/specterops/bloodhound/packages/go/analysis/ad/wellknown/TestNodeNamePrefix_String","TestNodeNamePrefix_String"
"","5","returns true if arrays are referentially equal","areArraysSimilar","Thu Jun 04 03:35:49 UTC 2026","passed","Thu Jun 04 03:35:49 UTC 2026","","","",""
"Test cases for Test_NewSpecWithHooks","0","Test_NewSpecWithHooks","","Thu Jun 04 03:29:57 UTC 2026","passed","Thu Jun 04 03:29:57 UTC 2026","","Go Test","github.com/specterops/bloodhound/packages/go/lab/Test_NewSpecWithHooks","Test_NewSpecWithHooks"
"","54","Gets focus on keyboard shortcut","SearchBar","Thu Jun 04 03:36:01 UTC 2026","passed","Thu Jun 04 03:36:01 UTC 2026","","","",""
"Test cases for TestResources_UpdateSavedQuery_GetSavedQueryError","0","TestResources_UpdateSavedQuery_GetSavedQueryError","","Thu Jun 04 03:29:39 UTC 2026","passed","Thu Jun 04 03:29:39 UTC 2026","","Go Test","github.com/specterops/bloodhound/cmd/api/src/api/v2/TestResources_UpdateSavedQuery_GetSavedQueryError","TestResources_UpdateSavedQuery_GetSavedQueryError"
"","832","should display generate/revoke api tokens button","User Actions Menu","Thu Jun 04 03:33:42 UTC 2026","passed","Thu Jun 04 03:33:42 UTC 2026","","Api Keys","",""
"","266","on clicking switch shows modal and when clicking cancel closes it and switch stays enabled","CitrixRDPConfiguration","Thu Jun 04 03:33:06 UTC 2026","passed","Thu Jun 04 03:33:06 UTC 2026","","Click on switch to disable","",""
"Test cases for TestResources_ListADComputerDCOMUsers","2","TestResources_ListADComputerDCOMUsers","","Thu Jun 04 03:29:38 UTC 2026","passed","Thu Jun 04 03:29:38 UTC 2026","","Go Test","github.com/specterops/bloodhound/cmd/api/src/api/v2/TestResources_ListADComputerDCOMUsers","TestResources_ListADComputerDCOMUsers"
"","142","displays an error message","GraphView","Thu Jun 04 03:36:38 UTC 2026","passed","Thu Jun 04 03:36:38 UTC 2026","","","",""
"","62","renders a link to the documentation","BloodHoundConfiguration","Thu Jun 04 03:37:28 UTC 2026","passed","Thu Jun 04 03:37:28 UTC 2026","","","",""
"Test cases for TestArgon2Digest_String","0","TestArgon2Digest_String","","Thu Jun 04 03:29:56 UTC 2026","passed","Thu Jun 04 03:29:56 UTC 2026","","Go Test","github.com/specterops/bloodhound/packages/go/crypto/TestArgon2Digest_String","TestArgon2Digest_String"
"","319","handles chevron click event","CommonSearches","Thu Jun 04 03:32:51 UTC 2026","passed","Thu Jun 04 03:32:51 UTC 2026","","","",""
"Test cases for TestVersion_GreaterThan","0","TestVersion_GreaterThan","","Thu Jun 04 03:29:52 UTC 2026","passed","Thu Jun 04 03:29:52 UTC 2026","","Go Test","github.com/specterops/bloodhound/cmd/api/src/version/TestVersion_GreaterThan","TestVersion_GreaterThan"
"","0","fails for password shorter than 12 characters","testPassword","Thu Jun 04 03:36:11 UTC 2026","passed","Thu Jun 04 03:36:11 UTC 2026","","","",""
"","868","sets the selectedItem param and closes popper when a node is selected","GraphControls","Thu Jun 04 03:31:03 UTC 2026","passed","Thu Jun 04 03:31:04 UTC 2026","","Searching current results","",""
"","93","button is disabled when note is falsy","NoteCell component","Thu Jun 04 03:34:47 UTC 2026","passed","Thu Jun 04 03:34:47 UTC 2026","","","",""
"","11","mounts an assertive aria-live region","AnnouncementProvider","Thu Jun 04 03:34:21 UTC 2026","passed","Thu Jun 04 03:34:21 UTC 2026","","","",""
"Test cases for TestIsValidEmail","0","TestIsValidEmail","","Thu Jun 04 03:29:50 UTC 2026","passed","Thu Jun 04 03:29:50 UTC 2026","","Go Test","github.com/specterops/bloodhound/cmd/api/src/utils/TestIsValidEmail","TestIsValidEmail"
"","44","should highlight main nav route when navigating to child route","Main Nav Route Highlighting","Thu Jun 04 03:33:18 UTC 2026","passed","Thu Jun 04 03:33:18 UTC 2026","","","",""
"","21","does not show View in Explore if exploreUrl is not supplied","Seed Selection Results","Thu Jun 04 03:32:39 UTC 2026","passed","Thu Jun 04 03:32:39 UTC 2026","","","",""
"","1051","displays validation error messages when password does not match confirmation","PasswordDialog","Thu Jun 04 03:31:26 UTC 2026","passed","Thu Jun 04 03:31:27 UTC 2026","","","",""
"Test cases for TestSetFontIcon","1","TestSetFontIcon","","Thu Jun 04 03:29:27 UTC 2026","passed","Thu Jun 04 03:29:27 UTC 2026","","Go Test","github.com/specterops/bloodhound/cmd/api/src/api/bloodhoundgraph/TestSetFontIcon","TestSetFontIcon"
"","50","renders the title passed via title prop","ColumnHeaders","Thu Jun 04 03:33:54 UTC 2026","passed","Thu Jun 04 03:33:54 UTC 2026","","BaseColumnHeader","",""
"","3409","handles delete by source kind","DatabaseManagement","Thu Jun 04 03:36:44 UTC 2026","passed","Thu Jun 04 03:36:47 UTC 2026","","","",""
"","2","returns all environments when no filters are active","filterAndSearchEnvironments","Thu Jun 04 03:31:05 UTC 2026","passed","Thu Jun 04 03:31:05 UTC 2026","","with no filters applied","",""
"","1","handles null or empty madeBy","createHistoryParams","Thu Jun 04 03:35:14 UTC 2026","passed","Thu Jun 04 03:35:14 UTC 2026","","","",""
"","21","returns Rule Object counts when there is a Tag and a Rule selected (tagId and ruleId are in path params)","useObjectCounts","Thu Jun 04 03:35:43 UTC 2026","passed","Thu Jun 04 03:35:43 UTC 2026","","","",""
"","437","should display ""Generate/Revoke API Tokens"" title","UserTokenManagementDialog","Thu Jun 04 03:32:35 UTC 2026","passed","Thu Jun 04 03:32:35 UTC 2026","","","",""
"","65","should display a message","CypherSearchMessage","Thu Jun 04 03:36:20 UTC 2026","passed","Thu Jun 04 03:36:20 UTC 2026","","","",""
"Test cases for TestGetPlatformAggregateStats_Failure","3","TestGetPlatformAggregateStats_Failure","","Thu Jun 04 03:29:39 UTC 2026","passed","Thu Jun 04 03:29:39 UTC 2026","","Go Test","github.com/specterops/bloodhound/cmd/api/src/api/v2/TestGetPlatformAggregateStats_Failure","TestGetPlatformAggregateStats_Failure"
"Test cases for TestFloatEqual","0","TestFloatEqual","","Thu Jun 04 03:29:42 UTC 2026","passed","Thu Jun 04 03:29:42 UTC 2026","","Go Test","github.com/specterops/bloodhound/cmd/api/src/database/types/null/TestFloatEqual","TestFloatEqual"
"Test cases for Test_TopLevel","0","Test_TopLevel","","Thu Jun 04 03:29:57 UTC 2026","passed","Thu Jun 04 03:29:57 UTC 2026","","Go Test","github.com/specterops/bloodhound/packages/go/schemagen/csgen/Test_TopLevel","Test_TopLevel"
"","78","initializes the list with all filters checked by default","usePathfindingFilters","Thu Jun 04 03:35:34 UTC 2026","passed","Thu Jun 04 03:35:34 UTC 2026","","","",""
"","50","does not render count for a selected zone if prop is not set","DynamicDetails","Thu Jun 04 03:33:16 UTC 2026","passed","Thu Jun 04 03:33:16 UTC 2026","","","",""
"","306","should handle close event","TagToZoneLabelDialog","Thu Jun 04 03:34:03 UTC 2026","passed","Thu Jun 04 03:34:03 UTC 2026","","","",""
"Test cases for TestDisenrollMFA_Admin_Success","2008","TestDisenrollMFA_Admin_Success","","Thu Jun 04 03:30:08 UTC 2026","passed","Thu Jun 04 03:30:10 UTC 2026","","Go Test","github.com/specterops/bloodhound/cmd/api/src/api/v2/auth/TestDisenrollMFA_Admin_Success","TestDisenrollMFA_Admin_Success"
"","0","leaves double quotes untouched","escapeCypherString","Thu Jun 04 03:36:05 UTC 2026","passed","Thu Jun 04 03:36:05 UTC 2026","","","",""
"Test cases for TestNewSIDSuffix","0","TestNewSIDSuffix","","Thu Jun 04 03:29:55 UTC 2026","passed","Thu Jun 04 03:29:55 UTC 2026","","Go Test","github.com/specterops/bloodhound/packages/go/analysis/ad/wellknown/TestNewSIDSuffix","TestNewSIDSuffix"
"","591","runs the query and calls dispatch to set the node results","PrivilegeZonesCypherEditor Search component for Zone Management","Thu Jun 04 03:35:03 UTC 2026","passed","Thu Jun 04 03:35:04 UTC 2026","","","",""
"","162","renders a confirm dialg","ConfirmDeleteQueryDialog","Thu Jun 04 03:36:05 UTC 2026","passed","Thu Jun 04 03:36:05 UTC 2026","","","",""
"","131","renders error message on error","ObjectCountPanel","Thu Jun 04 03:35:35 UTC 2026","passed","Thu Jun 04 03:35:35 UTC 2026","","","",""
"","81","renders an input box","SearchBar","Thu Jun 04 03:36:01 UTC 2026","passed","Thu Jun 04 03:36:01 UTC 2026","","","",""
"","163","renders a single item when items is an object","<DetailsAccordion />","Thu Jun 04 03:32:43 UTC 2026","passed","Thu Jun 04 03:32:44 UTC 2026","","","",""
"Test cases for TestResources_ListADDomainContainedGPOs","0","TestResources_ListADDomainContainedGPOs","","Thu Jun 04 03:29:38 UTC 2026","passed","Thu Jun 04 03:29:38 UTC 2026","","Go Test","github.com/specterops/bloodhound/cmd/api/src/api/v2/TestResources_ListADDomainContainedGPOs","TestResources_ListADDomainContainedGPOs"
"","175","links to the specified route with global params intact","AppLink","Thu Jun 04 03:34:21 UTC 2026","passed","Thu Jun 04 03:34:22 UTC 2026","","","",""
"","73","displays security warning","Enable2FADialog","Thu Jun 04 03:34:42 UTC 2026","passed","Thu Jun 04 03:34:42 UTC 2026","","","",""
"","22","dedupes edges before adding them to the graph","Explore utils","Thu Jun 04 03:37:00 UTC 2026","passed","Thu Jun 04 03:37:00 UTC 2026","","initGraph","",""
"Test cases for Test_GetApplicationConfigurations","0","Test_GetApplicationConfigurations","","Thu Jun 04 03:29:38 UTC 2026","passed","Thu Jun 04 03:29:38 UTC 2026","","Go Test","github.com/specterops/bloodhound/cmd/api/src/api/v2/Test_GetApplicationConfigurations","Test_GetApplicationConfigurations"
"","0","fails for password with control characters","testPassword","Thu Jun 04 03:36:11 UTC 2026","passed","Thu Jun 04 03:36:11 UTC 2026","","","",""
"","583","adds node to asset group tag with confirmation","AssetGroupMenuItem","Thu Jun 04 03:32:55 UTC 2026","passed","Thu Jun 04 03:32:55 UTC 2026","","","",""
"","3","returns undefined if graphData is undefined","normalizeGraphDataForSigma","Thu Jun 04 03:37:22 UTC 2026","passed","Thu Jun 04 03:37:22 UTC 2026","","","",""
"","0","should hide/expand search widget when user clicks minus/plus button","ExploreSearch rendering per tab","Thu Jun 04 03:37:29 UTC 2026","unknown","Thu Jun 04 03:37:29 UTC 2026","","","",""
"Test cases for TestResources_UpdateSavedQuery_NoQueryMatch","3","TestResources_UpdateSavedQuery_NoQueryMatch","","Thu Jun 04 03:29:39 UTC 2026","passed","Thu Jun 04 03:29:39 UTC 2026","","Go Test","github.com/specterops/bloodhound/cmd/api/src/api/v2/TestResources_UpdateSavedQuery_NoQueryMatch","TestResources_UpdateSavedQuery_NoQueryMatch"
"Test cases for TestEncodingValues","0","TestEncodingValues","","Thu Jun 04 03:29:55 UTC 2026","passed","Thu Jun 04 03:29:55 UTC 2026","","Go Test","github.com/specterops/bloodhound/packages/go/bomenc/TestEncodingValues","TestEncodingValues"
"Test cases for TestManagementResource_ListAuthTokens_InvalidFilterPredicate","0","TestManagementResource_ListAuthTokens_InvalidFilterPredicate","","Thu Jun 04 03:30:05 UTC 2026","passed","Thu Jun 04 03:30:05 UTC 2026","","Go Test","github.com/specterops/bloodhound/cmd/api/src/api/v2/auth/TestManagementResource_ListAuthTokens_InvalidFilterPredicate","TestManagementResource_ListAuthTokens_InvalidFilterPredicate"
"","932","should not call onSubmit when expired password matches current password when reset password button clicked","PasswordResetForm","Thu Jun 04 03:33:41 UTC 2026","passed","Thu Jun 04 03:33:42 UTC 2026","","","",""
"Test cases for TestResources_UpdateAssetGroupSelectors_SuccessT0","0","TestResources_UpdateAssetGroupSelectors_SuccessT0","","Thu Jun 04 03:29:38 UTC 2026","passed","Thu Jun 04 03:29:38 UTC 2026","","Go Test","github.com/specterops/bloodhound/cmd/api/src/api/v2/TestResources_UpdateAssetGroupSelectors_SuccessT0","TestResources_UpdateAssetGroupSelectors_SuccessT0"
"","224","handles adding to non-tier-zero asset group","AssetGroupMenuItem","Thu Jun 04 03:36:38 UTC 2026","passed","Thu Jun 04 03:36:38 UTC 2026","","adding to an asset group","",""
"","1112","calls the passed in cancel handler when clicking the Cancel button","Glyph Select Dialog","Thu Jun 04 03:35:46 UTC 2026","passed","Thu Jun 04 03:35:47 UTC 2026","","","",""
"","4","returns true if value is undefined","searchParams","Thu Jun 04 03:34:36 UTC 2026","passed","Thu Jun 04 03:34:36 UTC 2026","","isEmptyParam","",""
"","107","shows the Automatic Certification label and the certification dropdown with its full description","BasicInfo","Thu Jun 04 03:33:34 UTC 2026","passed","Thu Jun 04 03:33:34 UTC 2026","","when isCertificationDisabledOnZoneLevel is true","",""
"","10","disables useAvailableEnvironment and does not attempt calling handleInitialEnvironment if queryOptions.enabled","useInitialEnvironment","Thu Jun 04 03:35:01 UTC 2026","passed","Thu Jun 04 03:35:01 UTC 2026","","","",""
"","0","abbreviates numbers larger than 1000 and should not round the tenth place digit","numberFormatting","Thu Jun 04 03:33:58 UTC 2026","passed","Thu Jun 04 03:33:58 UTC 2026","","","",""
"","458","should accept passwords with emojis","CreateUserForm","Thu Jun 04 03:31:23 UTC 2026","passed","Thu Jun 04 03:31:23 UTC 2026","","","",""
"","10","removes multiple keys from state","useObjectState","Thu Jun 04 03:35:25 UTC 2026","passed","Thu Jun 04 03:35:25 UTC 2026","","","",""
"","60","should on clicking remove call clearSelectedItem","EdgeInfoHeader","Thu Jun 04 03:34:42 UTC 2026","passed","Thu Jun 04 03:34:42 UTC 2026","","","",""
"Test cases for TestManagementResource_ListPermissions_SortingError","0","TestManagementResource_ListPermissions_SortingError","","Thu Jun 04 03:29:45 UTC 2026","passed","Thu Jun 04 03:29:45 UTC 2026","","Go Test","github.com/specterops/bloodhound/cmd/api/src/api/v2/auth/TestManagementResource_ListPermissions_SortingError","TestManagementResource_ListPermissions_SortingError"
"Test cases for TestResources_DeleteSavedQueryPermissions","0","TestResources_DeleteSavedQueryPermissions","","Thu Jun 04 03:29:39 UTC 2026","passed","Thu Jun 04 03:29:39 UTC 2026","","Go Test","github.com/specterops/bloodhound/cmd/api/src/api/v2/TestResources_DeleteSavedQueryPermissions","TestResources_DeleteSavedQueryPermissions"
"","341","renders a graph if the query has any node edges","GraphView","Thu Jun 04 03:36:41 UTC 2026","passed","Thu Jun 04 03:36:41 UTC 2026","","","",""
"Test cases for TestResources_UpdateSavedQuery_OwnPublicQuery_Success","0","TestResources_UpdateSavedQuery_OwnPublicQuery_Success","","Thu Jun 04 03:29:39 UTC 2026","passed","Thu Jun 04 03:29:39 UTC 2026","","Go Test","github.com/specterops/bloodhound/cmd/api/src/api/v2/TestResources_UpdateSavedQuery_OwnPublicQuery_Success","TestResources_UpdateSavedQuery_OwnPublicQuery_Success"
"","591","displays a warning dialog when mounted","EarlyAccessFeatures","Thu Jun 04 03:37:06 UTC 2026","passed","Thu Jun 04 03:37:06 UTC 2026","","","",""
"Test cases for TestResources_ListAuditLogs_OnlySkip","0","TestResources_ListAuditLogs_OnlySkip","","Thu Jun 04 03:29:38 UTC 2026","passed","Thu Jun 04 03:29:38 UTC 2026","","Go Test","github.com/specterops/bloodhound/cmd/api/src/api/v2/TestResources_ListAuditLogs_OnlySkip","TestResources_ListAuditLogs_OnlySkip"
"Test cases for TestResources_ShareSavedQueriesPermissions_CanUpdateSavedQueriesPermission","5","TestResources_ShareSavedQueriesPermissions_CanUpdateSavedQueriesPermission","","Thu Jun 04 03:29:39 UTC 2026","passed","Thu Jun 04 03:29:39 UTC 2026","","Go Test","github.com/specterops/bloodhound/cmd/api/src/api/v2/TestResources_ShareSavedQueriesPermissions_CanUpdateSavedQueriesPermission","TestResources_ShareSavedQueriesPermissions_CanUpdateSavedQueriesPermission"
"","34","renders details for a selected rule and is of type ""Object""","DynamicDetails","Thu Jun 04 03:33:16 UTC 2026","passed","Thu Jun 04 03:33:16 UTC 2026","","","",""
"","4","returns paramValue if it is one of the expected values","useExploreParams","Thu Jun 04 03:36:17 UTC 2026","passed","Thu Jun 04 03:36:17 UTC 2026","","parseSearchType","",""
"Test cases for TestManagementResource_DeleteUser_UserNotFound","0","TestManagementResource_DeleteUser_UserNotFound","","Thu Jun 04 03:30:01 UTC 2026","passed","Thu Jun 04 03:30:01 UTC 2026","","Go Test","github.com/specterops/bloodhound/cmd/api/src/api/v2/auth/TestManagementResource_DeleteUser_UserNotFound","TestManagementResource_DeleteUser_UserNotFound"
"Test cases for FuzzFoldl","0","FuzzFoldl","","Thu Jun 04 03:29:57 UTC 2026","passed","Thu Jun 04 03:29:57 UTC 2026","","Go Test","github.com/specterops/bloodhound/packages/go/slicesext/FuzzFoldl","FuzzFoldl"
"","266","should display filter dropwdowns","CommonSearches","Thu Jun 04 03:32:48 UTC 2026","passed","Thu Jun 04 03:32:49 UTC 2026","","","",""
"","162","displays appropriate text when there are no matches for search term","SearchCurrentNodes","Thu Jun 04 03:34:12 UTC 2026","passed","Thu Jun 04 03:34:12 UTC 2026","","","",""
"","1055","should not have less characters than the minimum requirement","CreateUserForm","Thu Jun 04 03:31:17 UTC 2026","passed","Thu Jun 04 03:31:18 UTC 2026","","","",""
"","0","Input does not contain a type","Parsing the debounced input for type and keyword values","Thu Jun 04 03:34:30 UTC 2026","passed","Thu Jun 04 03:34:30 UTC 2026","","","",""
"Test cases for TestUpdateAssetGroupRequest_AuditData","0","TestUpdateAssetGroupRequest_AuditData","","Thu Jun 04 03:29:38 UTC 2026","passed","Thu Jun 04 03:29:38 UTC 2026","","Go Test","github.com/specterops/bloodhound/cmd/api/src/api/v2/TestUpdateAssetGroupRequest_AuditData","TestUpdateAssetGroupRequest_AuditData"
"","34","should redirect to nested /file-ingest route if user navigates to an invalid route","Administration","Thu Jun 04 03:37:22 UTC 2026","passed","Thu Jun 04 03:37:22 UTC 2026","","","",""
"","86","returns an object with values for assetGroupTagId, params, and setPZQueryParams","usePZQueryParams","Thu Jun 04 03:34:17 UTC 2026","passed","Thu Jun 04 03:34:17 UTC 2026","","","",""
"","434","should display ""Configure Multi-Factor Authentication"" title","Enable2FADialog","Thu Jun 04 03:33:58 UTC 2026","passed","Thu Jun 04 03:33:58 UTC 2026","","","",""
"","117","enables returning a list of tags","the useAssetGroupTags utilities","Thu Jun 04 03:32:41 UTC 2026","passed","Thu Jun 04 03:32:42 UTC 2026","","","",""
"Test cases for TestResources_ShareSavedQueriesPermissions_SavingPermissionsErrors","0","TestResources_ShareSavedQueriesPermissions_SavingPermissionsErrors","","Thu Jun 04 03:29:39 UTC 2026","passed","Thu Jun 04 03:29:39 UTC 2026","","Go Test","github.com/specterops/bloodhound/cmd/api/src/api/v2/TestResources_ShareSavedQueriesPermissions_SavingPermissionsErrors","TestResources_ShareSavedQueriesPermissions_SavingPermissionsErrors"
"Test cases for TestSetValuesFromEnv","5","TestSetValuesFromEnv","","Thu Jun 04 03:29:39 UTC 2026","passed","Thu Jun 04 03:29:39 UTC 2026","","Go Test","github.com/specterops/bloodhound/cmd/api/src/config/TestSetValuesFromEnv","TestSetValuesFromEnv"
"","7","renders without pulse animation by default","StatusIndicator","Thu Jun 04 03:36:03 UTC 2026","passed","Thu Jun 04 03:36:03 UTC 2026","","","",""
"Test cases for TestResources_UpdateSavedQuery_NotAUserAuth","0","TestResources_UpdateSavedQuery_NotAUserAuth","","Thu Jun 04 03:29:39 UTC 2026","passed","Thu Jun 04 03:29:39 UTC 2026","","Go Test","github.com/specterops/bloodhound/cmd/api/src/api/v2/TestResources_UpdateSavedQuery_NotAUserAuth","TestResources_UpdateSavedQuery_NotAUserAuth"
"","312","closes the dropdown when clicking outside","ManageColumnsComboBox","Thu Jun 04 03:32:49 UTC 2026","passed","Thu Jun 04 03:32:49 UTC 2026","","","",""
"","3531","expand/collapse all buttons are disabled when searching","Pathfinding","Thu Jun 04 03:32:14 UTC 2026","passed","Thu Jun 04 03:32:18 UTC 2026","","","",""
